ADF0
0 96 9 [ 3.005859375 2.94921875 2.8173828125 ] [ 6.447265625 14.240234375 7.6220703125 ] 28 28 116.0 116.0 0.01058132690922798 0.07142857142857142 0.07142857142857142 
1 31 14 [ 4.5 4.1796875 3.58984375 ] [ 12.7353515625 28.15234375 11.9384765625 ] 52 40 125.0 125.0 0.01415689599537498 1.0 1.0 

ADF1
0 82 8 [ 2.96484375 2.9814453125 2.798828125 ] [ 6.453125 14.390625 7.7197265625 ] 28 28 100.0 100.0 0.010479537779531445 0.029411764705882353 0.029411764705882353 
1 33 15 [ 4.5439453125 4.2138671875 3.40625 ] [ 13.5849609375 27.51171875 11.4169921875 ] 52 40 134.0 134.0 0.012432887858357 0.06666666666666667 0.06666666666666667 
2 15 10 [ 5.56640625 5.3193359375 4.4296875 ] [ 19.0888671875 40.765625 17.9697265625 ] 77 52 134.0 134.0 0.024659061993229134 1.0 1.0 

ADF2
0 85 9 [ 2.9345703125 2.8740234375 2.7255859375 ] [ 5.9775390625 13.205078125 7.1162109375 ] 26 26 125.0 125.0 0.010625783485236491 0.25 0.25 
1 32 15 [ 4.33984375 3.916015625 3.4892578125 ] [ 11.3984375 24.0546875 11.0908203125 ] 46 36 120.0 125.0 0.01243650990300655 0.25 0.25 
2 15 9 [ 5.43359375 4.7060546875 4.521484375 ] [ 17.25 33.033203125 18.15625 ] 68 47 136.0 136.0 0.02215862458634919 1.0 1.0 

ADF3
0 81 10 [ 2.9951171875 2.8857421875 2.7998046875 ] [ 6.4404296875 13.390625 7.5419921875 ] 27 27 129.0 129.0 0.010467385720109612 0.038461538461538464 0.038461538461538464 
1 33 16 [ 4.689453125 3.921875 3.650390625 ] [ 13.80078125 23.95703125 12.5546875 ] 50 38 97.0 97.0 0.013358840858324006 0.14285714285714285 0.14285714285714285 
2 15 12 [ 5.689453125 5.07421875 4.9580078125 ] [ 20.6484375 36.990234375 22.5732421875 ] 80 52 140.0 140.0 0.02779218736048238 0.5 0.5 
3 16 15 [ 6.7587890625 5.736328125 5.8740234375 ] [ 30.771484375 44.875 31.095703125 ] 106 66 156.0 156.0 0.08735191084175338 1.0 1.0 

ADF4
0 86 11 [ 3.07421875 2.82421875 2.7490234375 ] [ 6.7001953125 13.080078125 7.150390625 ] 26 26 65.0 65.0 0.010437636488647224 0.029411764705882353 0.029411764705882353 
1 33 15 [ 4.77734375 4.0712890625 3.408203125 ] [ 14.1259765625 25.93359375 10.65234375 ] 50 38 145.0 145.0 0.012023118253050974 0.047619047619047616 0.047619047619047616 
2 17 9 [ 5.5712890625 5.318359375 4.287109375 ] [ 18.671875 40.16796875 15.568359375 ] 74 50 133.0 133.0 0.017185461408539993 0.2 0.2 
3 14 12 [ 6.29296875 6.2373046875 5.1083984375 ] [ 22.798828125 56.2265625 19.12890625 ] 98 62 133.0 133.0 0.03929575269303974 1.0 1.0 


35.4423828125 56.255859375 40.07421875
33.8232421875 58.326171875 20.7822265625
22.3125 45.978515625 41.48046875
25.0712890625 59.3515625 30.353515625
22.67578125 55.076171875 28.916015625
