0 64 27 3.1513671875 2.044921875 1.958984375 9.404296875 3.533203125 3.259765625 16 16 35.0 35.0 0.11123046875000206 0.125 0.125 
1 15 3 3.38671875 2.1591796875 1.9833984375 10.259765625 3.8203125 3.291015625 17 16 21.0 21.0 0.11236514136904953 0.14285714285714285 0.14285714285714285 
2 16 2 4.2431640625 2.3037109375 2.0361328125 13.5537109375 4.091796875 3.509765625 21 18 24.0 21.0 0.11557500930059664 0.14285714285714285 0.14285714285714285 
3 15 3 5.064453125 2.4658203125 2.408203125 14.9130859375 4.525390625 4.630859375 24 19 18.0 21.0 0.12099028087797681 0.14285714285714285 0.14285714285714285 
4 12 2 5.2373046875 2.505859375 2.3515625 14.68359375 4.56640625 4.5859375 23 20 25.0 21.0 0.1250097233495674 0.14285714285714285 0.14285714285714285 
5 10 1 5.421875 2.4462890625 2.080078125 14.2939453125 4.2734375 4.072265625 22 20 20.0 21.0 0.13179197104978307 0.14285714285714285 0.14285714285714285 
6 7 1 5.5693359375 2.408203125 2.01953125 14.4931640625 4.1484375 3.8046875 22 21 21.0 21.0 0.13350856500270503 0.14285714285714285 0.14285714285714285 
7 8 2 5.62109375 2.455078125 1.9775390625 14.5791015625 4.236328125 3.607421875 22 21 20.0 21.0 0.1342357376781198 0.14285714285714285 0.14285714285714285 
8 10 2 5.7421875 2.421875 2.005859375 14.869140625 4.220703125 3.64453125 22 21 13.0 21.0 0.13405934343434273 0.14285714285714285 0.14285714285714285 
9 10 1 5.80078125 2.4140625 1.9794921875 15.185546875 4.203125 3.5078125 22 21 37.0 21.0 0.13397345384649997 0.14285714285714285 0.14285714285714285 
10 9 2 6.025390625 2.4287109375 1.9580078125 16.1044921875 4.23828125 3.400390625 23 21 15.0 21.0 0.13413121167027342 0.14285714285714285 0.14285714285714285 
11 5 2 6.134765625 2.431640625 1.9208984375 16.376953125 4.2421875 3.24609375 23 21 37.0 37.0 0.13487138404130505 0.16666666666666666 0.16666666666666666 
12 6 1 6.3720703125 2.43359375 1.9873046875 17.33203125 4.2734375 3.39453125 25 22 33.0 37.0 0.13579136792027321 0.16666666666666666 0.16666666666666666 
13 4 1 6.4072265625 2.4033203125 2.0048828125 17.6796875 4.228515625 3.310546875 25 22 35.0 37.0 0.1355554005456341 0.16666666666666666 0.16666666666666666 
14 2 1 6.62109375 2.2568359375 2.0087890625 19.357421875 3.845703125 3.29296875 26 22 37.0 37.0 0.13708362221545745 0.16666666666666666 0.16666666666666666 
15 3 2 6.859375 1.953125 1.8740234375 24.158203125 3.154296875 2.896484375 30 23 35.0 35.0 0.14132849843298992 0.2 0.2 
16 2 2 7.3427734375 1.392578125 1.8232421875 32.833984375 1.837890625 2.73046875 37 23 39.0 35.0 0.15085576045048668 0.2 0.2 
17 3 3 7.7490234375 1.2197265625 1.7822265625 37.634765625 1.4453125 2.62109375 41 24 97.0 35.0 0.15795007130456304 0.2 0.2 
18 4 3 8.0029296875 1.234375 1.8115234375 39.9677734375 1.486328125 2.6640625 44 25 37.0 35.0 0.16333825137536007 0.2 0.2 
19 5 3 8.1162109375 1.21484375 1.9306640625 42.4716796875 1.447265625 2.89453125 46 27 39.0 35.0 0.1773023905348109 0.2 0.2 
20 4 3 8.2490234375 1.1982421875 1.9716796875 44.5244140625 1.404296875 2.986328125 48 28 133.0 35.0 0.18416383421266042 0.2 0.2 
21 4 4 8.4599609375 1.21484375 1.947265625 46.255859375 1.44140625 2.9375 50 29 97.0 97.0 0.18450531402191359 0.25 0.25 
22 4 5 8.7548828125 1.208984375 1.9755859375 48.5361328125 1.431640625 2.9921875 52 30 97.0 97.0 0.18641232357052448 0.25 0.25 
23 3 4 9.1552734375 1.20703125 1.97265625 51.576171875 1.4375 3.009765625 56 31 91.0 97.0 0.18930590080492216 0.25 0.25 
24 5 4 10.67578125 1.2060546875 1.92578125 63.5986328125 1.419921875 2.93359375 67 32 125.0 125.0 0.2011025785195689 0.3333333333333333 0.3333333333333333 
25 6 3 13.4296875 1.181640625 1.8876953125 87.03515625 1.392578125 2.81640625 91 34 129.0 125.0 0.226930648561507 0.3333333333333333 0.3333333333333333 
26 4 4 13.9453125 1.173828125 1.9130859375 92.595703125 1.357421875 2.87890625 96 37 137.0 125.0 0.23549572172618993 0.3333333333333333 0.3333333333333333 
27 5 5 13.912109375 1.1396484375 1.9384765625 94.412109375 1.279296875 2.939453125 98 39 125.0 125.0 0.24178912450396786 0.3333333333333333 0.3333333333333333 
28 6 5 13.755859375 1.142578125 1.919921875 102.4189453125 1.291015625 2.880859375 106 41 125.0 125.0 0.27226097470238125 0.3333333333333333 0.3333333333333333 
29 5 6 13.58984375 1.115234375 1.8193359375 113.482421875 1.232421875 2.650390625 117 44 89.0 125.0 0.3049180772569441 0.3333333333333333 0.3333333333333333 
30 6 8 13.609375 1.1298828125 1.916015625 114.8564453125 1.26171875 2.85546875 118 46 131.0 125.0 0.3082345145089275 0.3333333333333333 0.3333333333333333 
31 7 6 13.724609375 1.1591796875 1.9150390625 115.8798828125 1.34765625 2.869140625 120 48 129.0 125.0 0.30725058903769786 0.3333333333333333 0.3333333333333333 
32 6 6 13.7734375 1.1787109375 1.89453125 117.11328125 1.38671875 2.8359375 121 51 135.0 125.0 0.30522344680059466 0.3333333333333333 0.3333333333333333 
33 7 8 13.896484375 1.1962890625 1.908203125 118.4033203125 1.4140625 2.869140625 122 53 117.0 125.0 0.30868559337797524 0.3333333333333333 0.3333333333333333 
34 7 7 13.9365234375 1.1474609375 1.9296875 119.29296875 1.302734375 2.927734375 123 55 125.0 125.0 0.3071258412811139 0.3333333333333333 0.3333333333333333 
35 6 6 13.9384765625 1.1181640625 1.9306640625 120.2607421875 1.23828125 2.91796875 124 57 123.0 125.0 0.30893632192460296 0.3333333333333333 0.3333333333333333 
36 5 7 14.0146484375 1.140625 1.927734375 121.75390625 1.296875 2.900390625 125 59 193.0 125.0 0.3106155373489352 0.3333333333333333 0.3333333333333333 
37 5 8 14.0107421875 1.1611328125 1.92578125 121.869140625 1.33984375 2.9140625 126 60 81.0 125.0 0.3113955543154754 0.3333333333333333 0.3333333333333333 
38 6 6 14.044921875 1.16796875 1.92578125 124.4287109375 1.35546875 2.888671875 128 62 153.0 125.0 0.3070033482142851 0.3333333333333333 0.3333333333333333 
39 6 6 14.162109375 1.1845703125 1.978515625 125.7099609375 1.40234375 2.998046875 130 64 137.0 125.0 0.31549789186507804 0.3333333333333333 0.3333333333333333 
40 6 7 14.1064453125 1.197265625 2.01171875 125.5263671875 1.419921875 3.072265625 130 65 89.0 125.0 0.31158505394345165 0.3333333333333333 0.3333333333333333 
41 6 7 14.1611328125 1.2001953125 1.9970703125 127.09375 1.4140625 3.041015625 131 67 143.0 125.0 0.31134207589285623 0.3333333333333333 0.3333333333333333 
42 6 7 14.185546875 1.2080078125 2.048828125 127.9599609375 1.435546875 3.158203125 132 68 115.0 125.0 0.30921146453372955 0.3333333333333333 0.3333333333333333 
43 11 9 14.1435546875 1.201171875 2.037109375 127.478515625 1.419921875 3.119140625 132 70 135.0 125.0 0.31152925037202295 0.3333333333333333 0.3333333333333333 
44 5 9 14.2421875 1.203125 2.1142578125 128.814453125 1.416015625 3.255859375 133 71 137.0 125.0 0.309822978670634 0.3333333333333333 0.3333333333333333 
45 6 8 14.357421875 1.2275390625 2.173828125 130.490234375 1.4765625 3.38671875 135 73 159.0 125.0 0.31227058531745955 0.3333333333333333 0.3333333333333333 
46 6 8 14.4013671875 1.25 2.1533203125 132.474609375 1.5234375 3.365234375 137 74 101.0 125.0 0.31137152777777727 0.3333333333333333 0.3333333333333333 
47 5 6 14.3984375 1.2158203125 2.1337890625 133.8935546875 1.44921875 3.326171875 138 75 127.0 125.0 0.30947808159722145 0.3333333333333333 0.3333333333333333 
48 4 7 14.53125 1.197265625 2.12890625 136.880859375 1.421875 3.341796875 141 77 89.0 125.0 0.3100186786954357 0.3333333333333333 0.3333333333333333 
49 5 8 14.5244140625 1.1953125 2.0556640625 135.4970703125 1.421875 3.177734375 140 78 131.0 125.0 0.31329365079365007 0.3333333333333333 0.3333333333333333 
50 5 7 14.4580078125 1.197265625 2.076171875 135.712890625 1.42578125 3.2421875 140 79 129.0 125.0 0.3125934287067092 0.3333333333333333 0.3333333333333333 
