0 70 25 3.318359375 2.0048828125 1.8701171875 10.3125 3.443359375 3.029296875 16 16 30.0 30.0 0.11114366319444649 0.125 0.125 
1 15 3 3.51953125 2.1025390625 1.9130859375 10.810546875 3.6953125 3.150390625 17 17 36.0 36.0 0.11206442212301779 0.14285714285714285 0.14285714285714285 
2 17 3 4.27734375 2.2939453125 2.1708984375 14.123046875 4.15625 4.0 22 18 32.0 36.0 0.11520298549107291 0.14285714285714285 0.14285714285714285 
3 22 3 5.3564453125 2.388671875 2.486328125 19.5810546875 4.4453125 5.02734375 29 21 34.0 36.0 0.1192138671875008 0.14285714285714285 0.14285714285714285 
4 13 5 5.6474609375 2.3603515625 2.6630859375 22.4169921875 4.349609375 5.474609375 32 23 38.0 36.0 0.12185484871031785 0.14285714285714285 0.14285714285714285 
5 13 5 5.8740234375 2.291015625 2.431640625 25.541015625 4.208984375 4.54296875 34 25 36.0 36.0 0.12604399181547635 0.14285714285714285 0.14285714285714285 
6 10 5 6.16015625 2.2734375 2.3203125 30.2578125 4.2578125 3.83203125 38 27 34.0 36.0 0.13147691338609266 0.14285714285714285 0.14285714285714285 
7 9 5 6.2578125 2.2587890625 2.283203125 31.595703125 4.18359375 3.654296875 39 28 25.0 36.0 0.13352572178255712 0.14285714285714285 0.14285714285714285 
8 9 4 6.5791015625 2.2734375 2.3173828125 33.5029296875 4.224609375 3.724609375 41 30 39.0 36.0 0.13439828671762208 0.14285714285714285 0.14285714285714285 
9 10 5 6.7421875 2.2294921875 2.439453125 34.5205078125 4.056640625 4.025390625 42 31 48.0 36.0 0.13476678757440405 0.14285714285714285 0.14285714285714285 
10 13 6 6.7431640625 2.296875 2.4833984375 34.259765625 4.28515625 4.103515625 42 32 42.0 36.0 0.1344889675211934 0.14285714285714285 0.14285714285714285 
11 7 7 6.943359375 2.4091796875 2.45703125 35.5771484375 4.455078125 4.0625 44 33 38.0 38.0 0.13455882767406135 0.16666666666666666 0.16666666666666666 
12 4 5 7.0732421875 2.39453125 2.3779296875 36.73046875 4.28125 3.9140625 44 34 62.0 38.0 0.13558457059433543 0.16666666666666666 0.16666666666666666 
13 7 6 7.341796875 2.3310546875 2.396484375 39.0771484375 4.048828125 4.048828125 47 35 58.0 38.0 0.136122736855158 0.16666666666666666 0.16666666666666666 
14 4 4 7.388671875 2.3291015625 2.599609375 39.404296875 3.99609375 4.623046875 48 36 44.0 38.0 0.13700203062995958 0.16666666666666666 0.16666666666666666 
15 3 5 7.4970703125 2.3447265625 2.947265625 39.9111328125 3.97265625 5.515625 49 36 56.0 38.0 0.1388424916012801 0.16666666666666666 0.16666666666666666 
16 3 4 7.5224609375 2.2099609375 3.572265625 40.0859375 3.55859375 7.208984375 50 37 40.0 38.0 0.1483158172123013 0.16666666666666666 0.16666666666666666 
17 3 4 7.85546875 2.0986328125 3.943359375 42.9052734375 3.21875 8.162109375 54 38 54.0 38.0 0.15702663493190774 0.16666666666666666 0.16666666666666666 
18 4 4 8.2822265625 2.1201171875 3.9658203125 46.80859375 3.2578125 8.259765625 58 39 74.0 38.0 0.15773658036841587 0.16666666666666666 0.16666666666666666 
19 5 5 8.646484375 2.140625 3.9912109375 49.7421875 3.294921875 8.365234375 61 40 63.0 38.0 0.15903204055059444 0.16666666666666666 0.16666666666666666 
20 6 4 8.8349609375 2.216796875 3.99609375 51.49609375 3.46875 8.443359375 63 41 78.0 38.0 0.1578931051587297 0.16666666666666666 0.16666666666666666 
21 5 4 9.1767578125 2.2177734375 4.1142578125 53.8203125 3.46875 8.697265625 65 42 185.0 38.0 0.15875076800369706 0.16666666666666666 0.16666666666666666 
22 5 5 9.41015625 2.302734375 4.2080078125 56.314453125 3.65234375 9.00390625 68 44 53.0 38.0 0.15941181485615022 0.16666666666666666 0.16666666666666666 
23 4 4 9.5888671875 2.361328125 4.21484375 58.7314453125 3.77734375 9.09375 71 45 66.0 38.0 0.1596753317212296 0.16666666666666666 0.16666666666666666 
24 5 5 9.7099609375 2.4208984375 4.1943359375 59.5126953125 3.869140625 9.119140625 72 46 68.0 38.0 0.16010319433170941 0.16666666666666666 0.16666666666666666 
25 5 6 9.9404296875 2.4541015625 4.1181640625 62.40625 3.958984375 8.98046875 75 47 65.0 38.0 0.15978306361607075 0.16666666666666666 0.16666666666666666 
26 4 5 10.0576171875 2.521484375 4.03125 63.8681640625 4.130859375 8.693359375 76 48 95.0 38.0 0.15993620637175268 0.16666666666666666 0.16666666666666666 
27 4 5 10.162109375 2.4912109375 3.9892578125 65.5322265625 4.095703125 8.634765625 78 49 40.0 38.0 0.160183764260912 0.16666666666666666 0.16666666666666666 
28 4 4 10.537109375 2.5048828125 4.1416015625 69.5126953125 4.146484375 9.029296875 82 50 58.0 38.0 0.16075420076884858 0.16666666666666666 0.16666666666666666 
29 4 5 10.7626953125 2.556640625 4.173828125 72.138671875 4.3359375 9.044921875 85 51 192.0 38.0 0.16051626054067392 0.16666666666666666 0.16666666666666666 
30 4 5 10.845703125 2.529296875 4.1171875 72.927734375 4.26171875 8.861328125 86 52 90.0 38.0 0.16125023251488022 0.16666666666666666 0.16666666666666666 
31 6 8 11.0224609375 2.572265625 4.05078125 75.591796875 4.384765625 8.6640625 88 54 59.0 38.0 0.16032056051587243 0.16666666666666666 0.16666666666666666 
32 7 5 11.1181640625 2.5947265625 4.0224609375 75.3798828125 4.439453125 8.5859375 88 55 70.0 38.0 0.16135292658730085 0.16666666666666666 0.16666666666666666 
33 5 5 11.1181640625 2.5791015625 4.08203125 75.5478515625 4.419921875 8.748046875 88 56 110.0 38.0 0.16023227532016532 0.16666666666666666 0.16666666666666666 
34 5 5 11.4580078125 2.6064453125 4.0615234375 79.474609375 4.484375 8.66796875 92 57 126.0 38.0 0.1604887462797613 0.16666666666666666 0.16666666666666666 
35 4 5 11.578125 2.71875 3.9755859375 79.697265625 4.724609375 8.509765625 92 58 158.0 38.0 0.16124093191964212 0.16666666666666666 0.16666666666666666 
36 5 5 11.62890625 2.78515625 3.92578125 81.3251953125 4.87890625 8.333984375 94 59 76.0 38.0 0.16032721889655405 0.16666666666666666 0.16666666666666666 
37 5 5 11.7587890625 2.830078125 3.888671875 82.7451171875 5.02734375 8.30078125 96 60 70.0 70.0 0.16116807725694374 0.2 0.2 
38 5 5 12.0556640625 2.828125 3.9619140625 86.1455078125 4.96484375 8.53515625 99 61 66.0 70.0 0.16206248449900723 0.2 0.2 
39 5 5 11.9853515625 2.8232421875 4.0810546875 85.6298828125 4.93359375 8.77734375 99 62 68.0 70.0 0.1624958429157641 0.2 0.2 
40 5 4 11.6806640625 2.9130859375 3.9921875 80.8232421875 5.099609375 8.232421875 94 62 74.0 70.0 0.16924719432043525 0.2 0.2 
41 4 4 10.5986328125 3.001953125 3.974609375 65.0107421875 5.1875 7.666015625 77 63 58.0 70.0 0.18297536610524698 0.2 0.2 
42 4 3 10.189453125 3.0302734375 4.0068359375 59.642578125 5.22265625 7.609375 72 63 78.0 70.0 0.18756704179067246 0.2 0.2 
43 4 3 10.3056640625 3.0283203125 4.0390625 60.3701171875 5.212890625 7.66015625 73 63 68.0 70.0 0.1887800648786954 0.2 0.2 
44 3 3 10.541015625 3.05859375 4.09765625 61.9912109375 5.275390625 7.7265625 74 63 97.0 70.0 0.18849371927984984 0.2 0.2 
45 3 3 10.6484375 3.1064453125 4.0947265625 63.6826171875 5.421875 7.705078125 76 64 74.0 70.0 0.18823598005726688 0.2 0.2 
46 8 4 10.7080078125 3.1142578125 4.169921875 64.4296875 5.42578125 7.88671875 77 64 80.0 70.0 0.18802942933802091 0.2 0.2 
47 3 3 10.8984375 3.19140625 4.12890625 66.0673828125 5.591796875 7.814453125 79 64 69.0 70.0 0.18720400151063996 0.2 0.2 
48 3 3 11.0654296875 3.2275390625 4.1103515625 66.923828125 5.697265625 7.845703125 80 65 62.0 70.0 0.18933880518352947 0.2 0.2 
49 3 3 11.3310546875 3.2119140625 4.18359375 69.2763671875 5.634765625 8.07421875 82 65 82.0 70.0 0.18997205593885044 0.2 0.2 
50 3 3 11.416015625 3.29296875 4.119140625 70.76171875 5.828125 7.818359375 84 65 117.0 70.0 0.1900585091991319 0.2 0.2 
