0 69 26 3.2861328125 2.05078125 1.95703125 10.0693359375 3.546875 3.24609375 16 16 22.0 22.0 0.11115451388889083 0.125 0.125 
1 16 4 3.5556640625 1.9853515625 1.9638671875 10.748046875 3.341796875 3.21875 17 17 26.0 26.0 0.1126677982390892 0.14285714285714285 0.14285714285714285 
2 19 2 4.3857421875 2.0048828125 2.02734375 13.150390625 3.3671875 3.3984375 19 18 26.0 26.0 0.11607607886904889 0.14285714285714285 0.14285714285714285 
3 19 4 5.158203125 2.12109375 2.26953125 15.931640625 3.578125 4.017578125 23 19 47.0 26.0 0.11963165415313917 0.14285714285714285 0.14285714285714285 
4 20 2 5.5703125 2.16015625 2.41015625 17.94921875 3.6015625 4.220703125 25 20 38.0 26.0 0.12151347458964695 0.14285714285714285 0.14285714285714285 
5 7 3 6.4453125 2.19921875 2.66796875 22.8740234375 3.5625 4.658203125 31 22 32.0 32.0 0.12601580819354272 0.16666666666666666 0.16666666666666666 
6 9 3 7.67578125 2.2861328125 2.630859375 29.2451171875 3.708984375 4.40625 37 24 23.0 32.0 0.13259943181818123 0.16666666666666666 0.16666666666666666 
7 10 2 8.046875 2.23828125 2.4501953125 31.0576171875 3.58984375 4.03515625 38 26 31.0 32.0 0.1354089514001617 0.16666666666666666 0.16666666666666666 
8 7 3 7.8466796875 2.26171875 2.330078125 30.482421875 3.630859375 3.75390625 37 27 26.0 32.0 0.13902219742063437 0.16666666666666666 0.16666666666666666 
9 4 3 6.8056640625 2.208984375 2.0947265625 27.236328125 3.53125 3.283203125 34 28 23.0 32.0 0.14443926570391385 0.16666666666666666 0.16666666666666666 
10 6 2 5.6865234375 2.115234375 1.86328125 23.525390625 3.306640625 2.830078125 29 28 27.0 32.0 0.154031385281385 0.16666666666666666 0.16666666666666666 
11 6 2 5.6767578125 2.07421875 1.8427734375 23.8369140625 3.21875 2.7421875 29 28 27.0 32.0 0.153511150850018 0.16666666666666666 0.16666666666666666 
12 3 2 5.919921875 2.1201171875 1.90625 24.97265625 3.3046875 2.876953125 31 28 25.0 32.0 0.15325612430104602 0.16666666666666666 0.16666666666666666 
13 3 2 6.005859375 2.0712890625 1.9482421875 25.6171875 3.20703125 2.990234375 31 28 29.0 32.0 0.15526600406971483 0.16666666666666666 0.16666666666666666 
14 4 3 6.2421875 2.0673828125 1.9658203125 27.1142578125 3.23046875 3.0390625 33 29 45.0 45.0 0.1566591909609483 0.2 0.2 
15 4 2 6.3310546875 2.0927734375 1.9921875 27.5703125 3.29296875 3.107421875 33 29 45.0 45.0 0.15667176790223636 0.2 0.2 
16 4 3 6.45703125 2.15234375 1.9833984375 28.220703125 3.4296875 3.064453125 34 29 43.0 45.0 0.1554313362418828 0.2 0.2 
17 4 3 6.650390625 2.1923828125 1.994140625 30.072265625 3.529296875 3.115234375 36 30 49.0 45.0 0.15964852205086513 0.2 0.2 
18 5 2 6.9599609375 2.16015625 1.98828125 35.07421875 3.419921875 3.0859375 41 30 98.0 45.0 0.16961904198232206 0.2 0.2 
19 5 3 7.34765625 2.0576171875 1.87109375 41.462890625 3.189453125 2.8125 47 31 45.0 45.0 0.18369256882440269 0.2 0.2 
20 5 4 7.62109375 2.068359375 1.8330078125 43.6630859375 3.208984375 2.7421875 49 32 43.0 45.0 0.18529343377975985 0.2 0.2 
21 5 3 7.7333984375 2.09765625 1.8681640625 44.4736328125 3.267578125 2.84375 50 33 45.0 45.0 0.18504231770833132 0.2 0.2 
22 5 3 7.8603515625 2.05859375 1.8916015625 45.6474609375 3.216796875 2.931640625 51 34 95.0 45.0 0.18511129712301388 0.2 0.2 
23 3 3 8.1865234375 2.0712890625 1.8623046875 48.1318359375 3.21875 2.818359375 54 34 87.0 45.0 0.1880665612599184 0.2 0.2 
24 4 3 8.3271484375 2.0390625 1.845703125 49.044921875 3.15234375 2.783203125 54 35 45.0 45.0 0.18507331969245822 0.2 0.2 
25 5 3 8.6103515625 1.9970703125 1.845703125 51.333984375 3.08984375 2.798828125 57 36 55.0 45.0 0.18681253100198195 0.2 0.2 
26 4 3 8.8017578125 2.0361328125 1.89453125 52.84765625 3.162109375 2.916015625 58 37 65.0 45.0 0.1859588138640852 0.2 0.2 
27 4 3 9.0068359375 2.0966796875 1.91796875 54.2958984375 3.287109375 2.9609375 60 38 47.0 45.0 0.18807314918154536 0.2 0.2 
28 4 3 9.1611328125 2.1611328125 1.91015625 55.6904296875 3.443359375 2.916015625 62 39 65.0 45.0 0.18685709635416453 0.2 0.2 
29 4 3 9.3193359375 2.20703125 1.9033203125 56.9384765625 3.572265625 2.90234375 63 39 57.0 45.0 0.18754572792658522 0.2 0.2 
30 3 3 9.529296875 2.189453125 1.94921875 59.052734375 3.509765625 3.0 65 40 51.0 45.0 0.19068312872023557 0.2 0.2 
31 4 3 9.66015625 2.1923828125 1.91796875 60.435546875 3.50390625 2.921875 66 41 123.0 45.0 0.18821695611246175 0.2 0.2 
32 4 3 9.8359375 2.232421875 1.962890625 62.642578125 3.6484375 3.05078125 69 42 59.0 45.0 0.18796192956348984 0.2 0.2 
33 6 6 10.0146484375 2.2705078125 2.0234375 64.49609375 3.689453125 3.173828125 71 43 116.0 45.0 0.18813631572420403 0.2 0.2 
34 6 5 10.1220703125 2.2373046875 2.0234375 65.85546875 3.63671875 3.203125 72 44 59.0 45.0 0.18986467633928342 0.2 0.2 
35 6 5 10.240234375 2.142578125 2.0244140625 67.3935546875 3.4765625 3.201171875 74 44 103.0 45.0 0.18900553385416438 0.2 0.2 
36 5 4 10.521484375 2.197265625 1.966796875 69.583984375 3.59375 3.080078125 76 45 159.0 45.0 0.19018825954860863 0.2 0.2 
37 4 4 10.841796875 2.1953125 1.958984375 72.0771484375 3.560546875 3.041015625 78 46 45.0 45.0 0.18825489831348982 0.2 0.2 
38 4 5 11.1640625 2.2783203125 1.9326171875 75.40625 3.833984375 3.0 82 47 81.0 45.0 0.18826109871031532 0.2 0.2 
39 4 3 11.30078125 2.2431640625 1.9404296875 77.357421875 3.73828125 3.01171875 84 48 149.0 45.0 0.19049517919146594 0.2 0.2 
40 4 5 11.5419921875 2.3017578125 1.927734375 79.7138671875 3.86328125 2.96484375 86 49 75.0 45.0 0.18918922061011673 0.2 0.2 
41 5 5 11.6259765625 2.2919921875 1.9775390625 80.9853515625 3.8671875 3.099609375 87 50 53.0 45.0 0.18986002604166435 0.2 0.2 
42 6 5 11.654296875 2.271484375 2.013671875 83.2216796875 3.84375 3.171875 90 51 43.0 45.0 0.19065561445932303 0.2 0.2 
43 4 4 11.7666015625 2.3251953125 2.025390625 84.3017578125 3.955078125 3.21484375 91 52 89.0 45.0 0.18918657839556044 0.2 0.2 
44 5 4 11.955078125 2.3193359375 2.0458984375 86.01953125 3.880859375 3.259765625 93 53 45.0 45.0 0.1923490978422594 0.2 0.2 
45 4 4 12.2578125 2.3388671875 1.966796875 88.126953125 3.890625 3.052734375 95 53 95.0 45.0 0.19122531114718366 0.2 0.2 
46 6 5 12.2841796875 2.4267578125 1.982421875 88.6728515625 4.076171875 3.1171875 95 54 113.0 45.0 0.19090479290674367 0.2 0.2 
47 4 5 12.3623046875 2.4189453125 1.9482421875 89.86328125 4.095703125 3.01171875 96 55 69.0 45.0 0.1903661334325373 0.2 0.2 
48 5 5 12.3720703125 2.37109375 2.0078125 89.9775390625 3.951171875 3.171875 97 56 65.0 45.0 0.19138183593749755 0.2 0.2 
49 5 4 12.5732421875 2.4140625 2.0322265625 92.037109375 4.0390625 3.224609375 99 57 77.0 45.0 0.19151359437003726 0.2 0.2 
50 10 5 12.7470703125 2.44921875 2.0771484375 95.453125 4.146484375 3.296875 102 58 121.0 45.0 0.19172634548610865 0.2 0.2 
