0 67 27 3.3486328125 2.05078125 1.9248046875 10.359375 3.591796875 3.1796875 17 17 37.0 37.0 0.11123318142361312 0.125 0.125 
1 16 4 3.6845703125 2.0859375 2.0068359375 11.45703125 3.669921875 3.3046875 18 17 19.0 37.0 0.11275227864583522 0.125 0.125 
2 16 3 4.595703125 2.298828125 2.08203125 15.390625 4.150390625 3.431640625 22 19 29.0 29.0 0.11640783532873501 0.14285714285714285 0.14285714285714285 
3 10 3 5.296875 2.47265625 2.1640625 18.5283203125 4.5234375 3.556640625 26 21 27.0 29.0 0.11919526599702454 0.14285714285714285 0.14285714285714285 
4 14 5 5.541015625 2.619140625 2.2275390625 19.9052734375 4.796875 3.68359375 28 22 29.0 29.0 0.12023111979166726 0.14285714285714285 0.14285714285714285 
5 9 5 5.69921875 2.90234375 2.2861328125 21.4072265625 5.466796875 3.736328125 30 24 39.0 29.0 0.12148944805194845 0.14285714285714285 0.14285714285714285 
6 10 5 5.873046875 3.37109375 2.359375 23.0732421875 6.708984375 3.849609375 33 25 29.0 29.0 0.12559911334325413 0.14285714285714285 0.14285714285714285 
7 10 6 6.072265625 3.8251953125 2.37890625 24.208984375 7.84375 3.880859375 35 26 33.0 29.0 0.12958568666576448 0.14285714285714285 0.14285714285714285 
8 10 4 6.5029296875 4.0693359375 2.2685546875 25.341796875 8.4375 3.619140625 37 27 39.0 39.0 0.13214567550505008 0.16666666666666666 0.16666666666666666 
9 4 4 6.7763671875 4.2666015625 2.291015625 26.166015625 8.98046875 3.65234375 38 28 57.0 39.0 0.13173024891774843 0.16666666666666666 0.16666666666666666 
10 5 6 7.0556640625 4.431640625 2.279296875 27.298828125 9.4921875 3.619140625 40 30 33.0 39.0 0.1336903493641771 0.16666666666666666 0.16666666666666666 
11 6 5 7.345703125 4.7880859375 2.232421875 28.7841796875 10.693359375 3.53515625 43 31 37.0 39.0 0.13696218603445134 0.16666666666666666 0.16666666666666666 
12 3 5 7.1669921875 5.2470703125 2.1259765625 28.0224609375 12.4140625 3.3359375 43 32 41.0 41.0 0.14234529305330074 0.2 0.2 
13 4 5 7.224609375 5.767578125 2.09765625 28.4326171875 14.166015625 3.318359375 45 33 29.0 41.0 0.14832247559298337 0.2 0.2 
14 3 4 7.6201171875 6.078125 2.12109375 30.4755859375 15.04296875 3.3984375 48 34 31.0 41.0 0.15161069399350632 0.2 0.2 
15 4 5 7.9775390625 5.9345703125 2.185546875 32.2470703125 14.392578125 3.4765625 50 35 59.0 41.0 0.15694296480429257 0.2 0.2 
16 3 5 8.4853515625 5.337890625 2.08203125 33.6298828125 11.953125 3.21484375 48 35 57.0 41.0 0.168188522631881 0.2 0.2 
17 3 6 8.86328125 5.15234375 2.017578125 34.8564453125 11.021484375 3.072265625 48 36 29.0 41.0 0.17850530274846524 0.2 0.2 
18 3 6 9.111328125 5.14453125 1.9775390625 35.3369140625 10.99609375 2.984375 49 37 35.0 41.0 0.1794816538713006 0.2 0.2 
19 4 8 9.326171875 5.2314453125 1.9423828125 36.416015625 11.240234375 2.91796875 50 37 63.0 63.0 0.1802617385869322 0.25 0.25 
20 5 8 9.7265625 5.484375 1.927734375 38.4794921875 11.927734375 2.916015625 53 38 63.0 63.0 0.18343205730900866 0.25 0.25 
21 4 5 10.0146484375 5.5380859375 1.9140625 40.0009765625 12.171875 2.890625 55 39 63.0 63.0 0.18166473283660614 0.25 0.25 
22 3 6 10.2998046875 5.857421875 1.9267578125 41.6005859375 13.158203125 2.978515625 57 40 61.0 63.0 0.18222673864763528 0.25 0.25 
23 3 6 10.6875 5.8134765625 1.9228515625 44.109375 13.015625 2.998046875 60 41 57.0 63.0 0.1861027969426387 0.25 0.25 
24 3 7 10.875 6.2373046875 1.9130859375 45.8994140625 13.927734375 2.955078125 62 41 77.0 63.0 0.19094520117469166 0.25 0.25 
25 3 7 10.9765625 6.7978515625 1.9248046875 48.2060546875 15.220703125 2.98828125 66 42 67.0 63.0 0.19597708064504857 0.25 0.25 
26 3 8 11.0830078125 7.296875 1.8896484375 50.341796875 16.21875 2.8671875 69 43 75.0 63.0 0.2062783245400428 0.25 0.25 
27 4 8 11.234375 7.46875 1.869140625 51.1787109375 16.75390625 2.8203125 70 44 65.0 63.0 0.2091014427196064 0.25 0.25 
28 5 10 11.44140625 7.529296875 1.8173828125 52.744140625 17.1015625 2.70703125 72 45 55.0 63.0 0.20721222408234105 0.25 0.25 
29 5 8 11.7119140625 7.791015625 1.77734375 54.8427734375 18.099609375 2.625 75 46 95.0 63.0 0.21182105654761862 0.25 0.25 
30 4 10 11.66015625 7.92578125 1.77734375 54.8984375 18.447265625 2.630859375 75 47 91.0 63.0 0.20644608754960275 0.25 0.25 
31 5 10 11.9638671875 8.08203125 1.7705078125 57.056640625 18.8046875 2.646484375 78 48 87.0 63.0 0.20826787687139203 0.25 0.25 
32 5 11 12.2255859375 8.2548828125 1.734375 58.6923828125 19.57421875 2.568359375 80 49 91.0 63.0 0.2106820967660807 0.25 0.25 
33 6 11 12.4482421875 8.4140625 1.7548828125 60.376953125 20.3203125 2.615234375 83 50 99.0 63.0 0.2089540884462754 0.25 0.25 
34 5 10 12.6533203125 8.513671875 1.7421875 62.09765625 20.59765625 2.58984375 85 51 93.0 63.0 0.2129092261904755 0.25 0.25 
35 4 10 12.728515625 8.71875 1.7177734375 63.548828125 21.119140625 2.5234375 87 52 125.0 63.0 0.2130208333333328 0.25 0.25 
36 5 10 12.8720703125 8.982421875 1.720703125 64.337890625 22.13671875 2.541015625 89 53 57.0 63.0 0.21362847222222173 0.25 0.25 
37 4 13 12.8212890625 9.224609375 1.7158203125 63.9794921875 23.0 2.50390625 89 54 121.0 63.0 0.2097512269631405 0.25 0.25 
38 5 11 13.0205078125 9.4462890625 1.7431640625 64.62109375 23.81640625 2.55078125 90 55 91.0 63.0 0.215582055206078 0.25 0.25 
39 5 14 13.140625 9.4541015625 1.81640625 66.5166015625 23.90234375 2.7421875 93 56 77.0 63.0 0.21108011996683826 0.25 0.25 
40 6 14 13.5068359375 9.6162109375 1.8330078125 69.4638671875 24.6796875 2.7734375 96 57 101.0 63.0 0.2117451477558894 0.25 0.25 
41 6 14 13.615234375 9.7109375 1.7890625 71.25 24.982421875 2.654296875 98 58 105.0 63.0 0.21133665054563447 0.25 0.25 
42 5 12 13.6181640625 9.958984375 1.865234375 71.806640625 25.712890625 2.78515625 100 59 121.0 63.0 0.21416596912202315 0.25 0.25 
43 6 12 13.4169921875 10.294921875 1.9033203125 70.44921875 27.1875 2.849609375 100 60 127.0 63.0 0.21623848699043963 0.25 0.25 
44 5 12 13.716796875 10.42578125 1.931640625 72.1083984375 27.69921875 2.91796875 102 61 93.0 63.0 0.21912515923746337 0.25 0.25 
45 6 15 13.625 10.697265625 1.91015625 72.0146484375 28.75 2.87890625 103 62 105.0 63.0 0.21885931722357443 0.25 0.25 
46 10 11 13.732421875 10.8701171875 1.8857421875 71.9306640625 29.703125 2.861328125 104 63 85.0 63.0 0.21993702369678883 0.25 0.25 
47 4 14 13.69921875 11.103515625 1.8232421875 70.7421875 30.7265625 2.748046875 104 63 119.0 63.0 0.2190290883161972 0.25 0.25 
48 5 13 13.7119140625 11.1318359375 1.7880859375 72.2236328125 30.806640625 2.666015625 105 64 111.0 63.0 0.2211433531746027 0.25 0.25 
49 4 11 13.642578125 11.3359375 1.8017578125 73.12890625 31.494140625 2.677734375 107 65 167.0 63.0 0.2178133877840902 0.25 0.25 
50 4 11 13.6689453125 11.4853515625 1.7958984375 72.875 32.162109375 2.634765625 107 66 75.0 63.0 0.21790639373647133 0.25 0.25 
