0 69 28 3.265625 1.998046875 1.826171875 9.939453125 3.46484375 2.927734375 16 16 13.0 13.0 0.11119446417298183 0.125 0.125 
1 16 4 3.447265625 2.0712890625 1.90625 10.3408203125 3.61328125 3.09765625 17 16 46.0 46.0 0.11219191778274004 0.14285714285714285 0.14285714285714285 
2 15 3 4.2138671875 2.2119140625 1.9287109375 12.833984375 3.796875 3.1640625 19 17 23.0 46.0 0.11516888330853328 0.14285714285714285 0.14285714285714285 
3 18 3 4.9296875 2.4404296875 1.9697265625 15.3076171875 4.330078125 3.212890625 22 19 21.0 46.0 0.11864808097718342 0.14285714285714285 0.14285714285714285 
4 23 3 5.201171875 2.6767578125 1.9541015625 16.45703125 4.84765625 3.13671875 24 20 23.0 46.0 0.12112281436011961 0.14285714285714285 0.14285714285714285 
5 7 3 5.4013671875 2.8330078125 1.8212890625 17.59765625 5.3203125 2.828125 25 21 41.0 46.0 0.12217892513302714 0.14285714285714285 0.14285714285714285 
6 8 3 5.642578125 2.8984375 1.5966796875 19.361328125 5.671875 2.298828125 27 21 42.0 46.0 0.1256957831664865 0.14285714285714285 0.14285714285714285 
7 9 4 5.9501953125 3.03515625 1.548828125 21.419921875 6.15625 2.1796875 29 22 31.0 46.0 0.12900411762716438 0.14285714285714285 0.14285714285714285 
8 10 4 6.146484375 3.056640625 1.490234375 22.3046875 6.220703125 2.01953125 30 23 32.0 46.0 0.12943247345102799 0.14285714285714285 0.14285714285714285 
9 11 3 6.2060546875 2.9736328125 1.6015625 22.1962890625 5.955078125 2.25 30 24 31.0 46.0 0.13070186378291823 0.14285714285714285 0.14285714285714285 
10 13 2 6.4853515625 2.9853515625 1.6171875 22.5068359375 5.939453125 2.279296875 30 24 25.0 46.0 0.13068484792117582 0.14285714285714285 0.14285714285714285 
11 9 3 6.755859375 2.9892578125 1.546875 23.58984375 5.890625 2.123046875 31 25 19.0 46.0 0.13155100108225073 0.14285714285714285 0.14285714285714285 
12 9 3 7.0712890625 2.974609375 1.5556640625 24.517578125 5.806640625 2.1484375 32 26 52.0 46.0 0.13200905539772684 0.14285714285714285 0.14285714285714285 
13 8 3 7.177734375 2.97265625 1.6171875 25.150390625 5.73828125 2.306640625 33 26 52.0 52.0 0.132935873805014 0.2 0.2 
14 4 3 7.5380859375 2.9111328125 1.5966796875 26.7578125 5.541015625 2.25390625 34 27 54.0 52.0 0.1340322519277591 0.2 0.2 
15 4 4 7.9365234375 2.8759765625 1.5830078125 28.55078125 5.462890625 2.212890625 36 27 56.0 52.0 0.13402488895652906 0.2 0.2 
16 3 4 8.32421875 2.86328125 1.5595703125 30.9609375 5.3984375 2.173828125 38 28 82.0 52.0 0.13568536227227565 0.2 0.2 
17 4 4 8.6708984375 2.9111328125 1.5478515625 33.0966796875 5.40625 2.146484375 40 29 45.0 52.0 0.14099409975874752 0.2 0.2 
18 3 4 8.9306640625 3.021484375 1.4912109375 37.27734375 5.548828125 2.0234375 44 29 23.0 52.0 0.15240596534541806 0.2 0.2 
19 4 3 8.291015625 3.1630859375 1.4462890625 36.3662109375 6.021484375 1.91796875 44 30 23.0 52.0 0.17025990231556534 0.2 0.2 
20 5 3 7.798828125 3.078125 1.47265625 33.5966796875 5.923828125 1.958984375 41 31 88.0 52.0 0.1755305566828991 0.2 0.2 
21 5 3 7.4384765625 3.1171875 1.4638671875 31.50390625 6.037109375 1.951171875 39 31 37.0 52.0 0.1782469646239164 0.2 0.2 
22 4 2 7.1884765625 3.0625 1.4697265625 29.9228515625 5.95703125 1.94921875 37 31 25.0 52.0 0.17807937776199342 0.2 0.2 
23 3 2 6.8662109375 2.9443359375 1.4453125 28.287109375 5.673828125 1.90625 35 31 33.0 52.0 0.1804794597763332 0.2 0.2 
24 2 3 6.8310546875 2.8798828125 1.4306640625 28.5556640625 5.408203125 1.8984375 35 32 25.0 52.0 0.18057961732277975 0.2 0.2 
25 3 2 6.765625 2.8427734375 1.4404296875 28.2236328125 5.33984375 1.908203125 35 32 25.0 52.0 0.18353903854391942 0.2 0.2 
26 3 1 6.78515625 2.802734375 1.5 28.6806640625 5.28125 2.044921875 36 32 31.0 52.0 0.18411948023764246 0.2 0.2 
27 3 2 6.8525390625 2.8017578125 1.48046875 29.25 5.28515625 2.0 36 32 69.0 52.0 0.1843110584077362 0.2 0.2 
28 2 2 6.919921875 2.796875 1.501953125 30.109375 5.2421875 2.0546875 37 32 27.0 52.0 0.1866596700825196 0.2 0.2 
29 2 2 6.9306640625 2.8125 1.56640625 29.892578125 5.33984375 2.185546875 37 32 37.0 52.0 0.18473057162021805 0.2 0.2 
30 3 2 7.021484375 2.8125 1.640625 30.9912109375 5.263671875 2.357421875 38 33 43.0 52.0 0.18551379447375338 0.2 0.2 
31 2 2 7.2421875 2.76953125 1.6083984375 32.5419921875 5.107421875 2.27734375 39 33 53.0 52.0 0.18495850666260635 0.2 0.2 
32 3 3 7.4345703125 2.7646484375 1.66015625 34.26171875 5.09765625 2.419921875 41 33 41.0 52.0 0.18678839877570147 0.2 0.2 
33 4 4 7.7109375 2.7841796875 1.642578125 36.830078125 5.1640625 2.37890625 44 33 27.0 52.0 0.18810080436056795 0.2 0.2 
34 4 3 7.99609375 2.625 1.7578125 38.81640625 4.75390625 2.6328125 46 34 23.0 52.0 0.18850432336760245 0.2 0.2 
35 4 4 8.24609375 2.5771484375 1.771484375 40.0322265625 4.623046875 2.6640625 47 34 65.0 52.0 0.18949349803841772 0.2 0.2 
36 4 4 8.4638671875 2.6064453125 1.7412109375 41.84375 4.646484375 2.576171875 49 34 83.0 52.0 0.1858424155054994 0.2 0.2 
37 4 4 8.681640625 2.591796875 1.76171875 43.5849609375 4.599609375 2.62890625 50 35 35.0 52.0 0.1890638034925121 0.2 0.2 
38 2 3 8.8310546875 2.544921875 1.763671875 45.5947265625 4.458984375 2.662109375 52 35 51.0 52.0 0.18846338665674395 0.2 0.2 
39 3 4 9.0009765625 2.611328125 1.7109375 47.1630859375 4.666015625 2.5078125 54 36 71.0 52.0 0.18845553047212993 0.2 0.2 
40 4 3 9.125 2.6103515625 1.7431640625 48.2275390625 4.650390625 2.544921875 55 36 37.0 52.0 0.18961792872925465 0.2 0.2 
41 3 3 9.30078125 2.5849609375 1.703125 50.1044921875 4.57421875 2.46875 57 37 45.0 52.0 0.19054450052984975 0.2 0.2 
42 3 3 9.494140625 2.5283203125 1.7197265625 52.36328125 4.455078125 2.49609375 59 37 63.0 52.0 0.1904739357864335 0.2 0.2 
43 3 3 9.751953125 2.4501953125 1.759765625 54.4599609375 4.255859375 2.564453125 61 38 91.0 52.0 0.19061150709099686 0.2 0.2 
44 3 3 10.119140625 2.408203125 1.736328125 57.0244140625 4.09765625 2.498046875 63 38 79.0 52.0 0.18977526379869908 0.2 0.2 
45 4 5 10.40625 2.421875 1.744140625 59.5302734375 4.16015625 2.505859375 66 39 176.0 52.0 0.19316603535353286 0.2 0.2 
46 4 3 10.3828125 2.419921875 1.697265625 60.744140625 4.1328125 2.4140625 67 40 41.0 52.0 0.19086607565611238 0.2 0.2 
47 3 4 10.44921875 2.3974609375 1.7177734375 62.4462890625 4.0859375 2.451171875 68 40 55.0 52.0 0.18973534874413564 0.2 0.2 
48 3 4 10.68359375 2.2998046875 1.6904296875 64.57421875 3.833984375 2.392578125 70 41 27.0 52.0 0.19103232379599336 0.2 0.2 
49 4 3 10.90234375 2.23828125 1.716796875 66.203125 3.658203125 2.45703125 72 41 85.0 52.0 0.1904790088383815 0.2 0.2 
50 4 3 11.2041015625 2.28125 1.6826171875 69.275390625 3.765625 2.388671875 75 42 63.0 52.0 0.1916442254576996 0.2 0.2 
