0 68 28 3.3017578125 2.0634765625 1.9326171875 10.08203125 3.541015625 3.21875 16 16 28.0 28.0 0.11145290798611317 0.125 0.125 
1 16 4 3.6904296875 2.23046875 1.8740234375 11.91015625 3.88671875 2.998046875 18 17 11.0 28.0 0.11289876302083512 0.125 0.125 
2 17 3 4.54296875 2.4453125 1.9033203125 15.4443359375 4.3203125 2.935546875 22 19 37.0 37.0 0.11678292410714404 0.14285714285714285 0.14285714285714285 
3 9 3 5.087890625 2.5146484375 1.892578125 17.4677734375 4.41015625 2.869140625 24 20 39.0 37.0 0.1202110389610396 0.14285714285714285 0.14285714285714285 
4 14 4 5.306640625 2.732421875 1.85546875 18.4189453125 5.123046875 2.818359375 26 21 47.0 37.0 0.12132859002976232 0.14285714285714285 0.14285714285714285 
5 11 2 5.62109375 3.2705078125 1.8974609375 20.58203125 6.986328125 2.890625 30 23 37.0 37.0 0.1242595105632217 0.14285714285714285 0.14285714285714285 
6 7 4 6.0615234375 4.181640625 1.998046875 23.5888671875 10.46875 3.0546875 37 25 37.0 37.0 0.1308338335926223 0.16666666666666666 0.16666666666666666 
7 11 4 6.2470703125 4.6357421875 2.0673828125 25.1025390625 12.23046875 3.18359375 40 27 43.0 37.0 0.13382527845418415 0.16666666666666666 0.16666666666666666 
8 9 4 6.3974609375 4.7529296875 2.013671875 25.84765625 12.69140625 3.08203125 41 28 33.0 37.0 0.1365323857999632 0.16666666666666666 0.16666666666666666 
9 8 4 6.4365234375 4.83984375 1.970703125 26.0927734375 12.96875 3.01171875 42 30 61.0 61.0 0.1397544431479975 0.2 0.2 
10 6 5 6.62109375 4.9580078125 2.04296875 27.3837890625 13.416015625 3.142578125 43 31 37.0 61.0 0.14765424191693685 0.2 0.2 
11 5 4 6.9306640625 4.9619140625 2.0615234375 29.2841796875 13.654296875 3.181640625 46 32 59.0 61.0 0.15443310758252113 0.2 0.2 
12 3 5 7.3740234375 4.93359375 2.0224609375 31.958984375 13.869140625 3.10546875 48 33 83.0 61.0 0.16128859747023722 0.2 0.2 
13 5 4 8.0009765625 4.8759765625 2.064453125 35.4677734375 14.052734375 3.18359375 52 35 93.0 93.0 0.17260714003877922 0.25 0.25 
14 4 5 8.583984375 5.076171875 2.0302734375 38.4541015625 15.30078125 3.1171875 56 36 91.0 93.0 0.17621196620219912 0.25 0.25 
15 5 5 9.0380859375 5.34765625 1.9853515625 40.7109375 16.8046875 3.02734375 60 38 87.0 93.0 0.17652660111156068 0.25 0.25 
16 4 5 9.3583984375 5.5810546875 2.0087890625 44.0673828125 18.3828125 3.07421875 65 39 91.0 93.0 0.17679670589826701 0.25 0.25 
17 5 7 9.7470703125 6.0439453125 2.0283203125 49.48046875 22.0546875 3.1484375 74 41 97.0 93.0 0.18786673938040951 0.25 0.25 
18 7 9 10.125 6.951171875 2.1669921875 58.07421875 30.005859375 3.4921875 91 44 93.0 93.0 0.20340134041305774 0.3333333333333333 0.3333333333333333 
19 5 11 10.3642578125 7.72265625 2.1044921875 64.4970703125 36.013671875 3.341796875 103 47 117.0 93.0 0.21515038780663662 0.3333333333333333 0.3333333333333333 
20 7 11 10.658203125 8.04296875 2.16015625 67.1435546875 38.4453125 3.46875 109 50 105.0 93.0 0.21817234143894176 0.3333333333333333 0.3333333333333333 
21 5 11 10.734375 8.28515625 2.1123046875 68.373046875 40.107421875 3.33984375 111 53 103.0 93.0 0.22350972053120385 0.3333333333333333 0.3333333333333333 
22 6 11 10.84375 8.6787109375 2.1845703125 69.7041015625 42.828125 3.5078125 116 55 129.0 93.0 0.23313883111246322 0.3333333333333333 0.3333333333333333 
23 7 11 10.7412109375 9.1005859375 2.13671875 69.640625 45.921875 3.392578125 118 58 107.0 93.0 0.2578455100671902 0.3333333333333333 0.3333333333333333 
24 5 9 10.5341796875 9.46875 2.029296875 68.330078125 48.373046875 3.173828125 119 60 185.0 93.0 0.27721364735524945 0.3333333333333333 0.3333333333333333 
25 5 10 10.9453125 9.5263671875 2.0322265625 71.8583984375 49.671875 3.1953125 124 63 137.0 93.0 0.2793449985344519 0.3333333333333333 0.3333333333333333 
26 7 11 11.150390625 9.7099609375 2.0107421875 74.0439453125 51.556640625 3.142578125 128 65 187.0 93.0 0.28574225795905506 0.3333333333333333 0.3333333333333333 
27 7 11 11.4736328125 9.875 1.9521484375 77.0703125 53.86328125 2.98046875 133 68 223.0 223.0 0.28469051564754705 0.5 0.5 
28 7 9 11.6396484375 10.0712890625 1.9521484375 79.1513671875 55.1015625 2.943359375 137 70 225.0 223.0 0.28860219099476897 0.5 0.5 
29 6 9 11.9912109375 10.2568359375 1.9599609375 84.0380859375 57.119140625 2.986328125 144 73 127.0 223.0 0.2915244450644837 0.5 0.5 
30 7 13 12.6494140625 10.41015625 1.8994140625 92.79296875 58.771484375 2.83984375 154 75 221.0 223.0 0.3140013063108755 0.5 0.5 
31 9 14 13.6728515625 10.65625 1.7890625 109.34765625 59.115234375 2.599609375 171 78 143.0 223.0 0.36947787726596165 0.5 0.5 
32 8 12 14.65625 10.58203125 1.712890625 125.9443359375 58.474609375 2.427734375 186 81 119.0 223.0 0.40926378038194317 0.5 0.5 
33 9 14 15.0 10.7255859375 1.7099609375 130.3642578125 59.775390625 2.427734375 192 85 235.0 223.0 0.41659504503742684 0.5 0.5 
34 22 12 15.1904296875 10.732421875 1.666015625 132.7861328125 60.720703125 2.3515625 195 88 161.0 223.0 0.4194355666035345 0.5 0.5 
35 8 13 15.2001953125 10.8720703125 1.7158203125 133.734375 62.40234375 2.4921875 198 91 289.0 223.0 0.4174672929067449 0.5 0.5 
36 7 14 15.5107421875 10.9228515625 1.7216796875 138.9052734375 63.9453125 2.55078125 205 94 201.0 223.0 0.41974710131448323 0.5 0.5 
37 7 12 15.7490234375 11.0263671875 1.779296875 142.8056640625 65.42578125 2.623046875 210 97 235.0 223.0 0.4255798075622283 0.5 0.5 
38 7 12 15.74609375 11.2373046875 1.8212890625 143.8828125 68.025390625 2.716796875 214 100 125.0 223.0 0.4210096571180546 0.5 0.5 
39 7 13 15.9599609375 11.4375 1.7998046875 146.40234375 70.77734375 2.654296875 219 103 233.0 223.0 0.4272480313740069 0.5 0.5 
40 9 14 15.953125 11.4287109375 1.7431640625 146.2890625 71.55859375 2.53125 220 106 297.0 223.0 0.431782106782106 0.5 0.5 
41 8 14 16.068359375 11.599609375 1.6884765625 149.5478515625 73.615234375 2.40625 225 109 235.0 223.0 0.4317130921378958 0.5 0.5 
42 8 13 16.103515625 11.833984375 1.6943359375 148.9150390625 75.255859375 2.4296875 226 111 253.0 223.0 0.4346482402146455 0.5 0.5 
43 10 17 15.978515625 11.775390625 1.68359375 146.5556640625 75.443359375 2.4609375 224 114 237.0 223.0 0.4301021867672248 0.5 0.5 
44 9 17 16.044921875 11.9287109375 1.67578125 147.6884765625 76.7265625 2.427734375 226 116 171.0 223.0 0.4303788442460308 0.5 0.5 
45 7 14 16.03125 11.8837890625 1.744140625 148.3369140625 77.765625 2.60546875 228 119 257.0 223.0 0.432043721252705 0.5 0.5 
46 7 13 16.14453125 12.14453125 1.697265625 149.8837890625 81.796875 2.4765625 234 121 275.0 223.0 0.434600539434523 0.5 0.5 
47 8 15 16.052734375 12.390625 1.65625 150.4404296875 84.7578125 2.38671875 237 124 317.0 223.0 0.4325330946180544 0.5 0.5 
48 10 18 16.064453125 12.447265625 1.6513671875 150.296875 84.689453125 2.349609375 237 126 237.0 223.0 0.43673270089285643 0.5 0.5 
49 21 17 15.9189453125 12.7373046875 1.626953125 147.40625 88.185546875 2.318359375 237 128 155.0 223.0 0.4314422827606413 0.5 0.5 
50 10 15 16.0087890625 12.892578125 1.6201171875 150.7919921875 90.912109375 2.2890625 243 131 303.0 223.0 0.4300087932900425 0.5 0.5 
