0 65 29 3.19140625 2.0986328125 1.91015625 9.5732421875 3.736328125 3.22265625 16 16 21.0 21.0 0.11125882851957276 0.125 0.125 
1 15 5 3.3896484375 2.1572265625 2.0224609375 10.1748046875 3.76171875 3.4765625 17 16 15.0 21.0 0.11251898871527961 0.125 0.125 
2 17 2 4.224609375 2.20703125 2.2841796875 12.822265625 3.787109375 4.162109375 20 18 19.0 19.0 0.11539015997023946 0.14285714285714285 0.14285714285714285 
3 18 3 5.0068359375 2.4736328125 2.6181640625 14.990234375 4.421875 5.060546875 24 19 21.0 19.0 0.11840161520337392 0.14285714285714285 0.14285714285714285 
4 14 3 5.2314453125 2.5576171875 2.755859375 15.703125 4.595703125 5.453125 25 20 43.0 19.0 0.12040821862599269 0.14285714285714285 0.14285714285714285 
5 9 4 5.4677734375 2.7548828125 2.7490234375 16.9296875 4.978515625 5.439453125 27 22 28.0 19.0 0.12141620586444857 0.14285714285714285 0.14285714285714285 
6 8 3 5.8740234375 2.845703125 2.7578125 20.18359375 5.1796875 5.859375 31 23 48.0 48.0 0.12444358484397569 0.16666666666666666 0.16666666666666666 
7 9 3 6.494140625 2.8173828125 2.865234375 25.826171875 5.025390625 6.416015625 37 25 45.0 48.0 0.12839982554338011 0.16666666666666666 0.16666666666666666 
8 8 3 6.98046875 2.84765625 2.9482421875 29.5595703125 4.99609375 6.80859375 41 26 43.0 48.0 0.13084704466540367 0.16666666666666666 0.16666666666666666 
9 7 5 7.0615234375 2.826171875 3.0751953125 30.7109375 4.9296875 7.67578125 43 28 56.0 48.0 0.1315423346185061 0.16666666666666666 0.16666666666666666 
10 5 4 7.1845703125 2.751953125 3.21484375 30.783203125 4.72265625 8.7734375 44 29 54.0 48.0 0.13200620180600614 0.16666666666666666 0.16666666666666666 
11 5 5 7.1884765625 2.7314453125 3.6494140625 29.78515625 4.685546875 11.4921875 45 31 41.0 48.0 0.13482329573638124 0.16666666666666666 0.16666666666666666 
12 3 4 7.0419921875 2.4931640625 4.138671875 27.51953125 4.11328125 15.6171875 47 32 47.0 48.0 0.13819130901650425 0.16666666666666666 0.16666666666666666 
13 3 5 6.5625 2.283203125 4.96484375 22.56640625 3.619140625 22.40234375 48 33 43.0 48.0 0.143383190160534 0.16666666666666666 0.16666666666666666 
14 6 5 6.375 2.248046875 5.4033203125 20.54296875 3.55859375 25.728515625 49 34 67.0 48.0 0.147725194185155 0.16666666666666666 0.16666666666666666 
15 4 5 6.5634765625 2.2880859375 5.568359375 20.9609375 3.638671875 26.6640625 51 35 60.0 48.0 0.14593408978174602 0.16666666666666666 0.16666666666666666 
16 3 5 6.5673828125 2.3046875 5.765625 21.3046875 3.708984375 27.361328125 52 36 64.0 48.0 0.14894205729166643 0.16666666666666666 0.16666666666666666 
17 5 6 6.73046875 2.392578125 5.8681640625 22.0302734375 3.876953125 28.005859375 53 37 43.0 48.0 0.14800713609307362 0.16666666666666666 0.16666666666666666 
18 4 5 6.91796875 2.3642578125 6.0478515625 22.935546875 3.833984375 29.119140625 55 38 66.0 48.0 0.14970449472402586 0.16666666666666666 0.16666666666666666 
19 5 6 6.876953125 2.3623046875 6.3291015625 22.9033203125 3.87890625 30.849609375 57 39 61.0 48.0 0.15048817556141758 0.16666666666666666 0.16666666666666666 
20 6 6 6.93359375 2.2890625 6.5498046875 23.1015625 3.720703125 32.474609375 59 40 67.0 48.0 0.15035303509424594 0.16666666666666666 0.16666666666666666 
21 4 6 7.1552734375 2.318359375 6.8466796875 24.412109375 3.765625 34.353515625 62 41 51.0 48.0 0.1508973665223663 0.16666666666666666 0.16666666666666666 
22 4 5 7.232421875 2.2822265625 7.0068359375 24.81640625 3.693359375 35.63671875 64 42 60.0 48.0 0.1506773228941196 0.16666666666666666 0.16666666666666666 
23 3 5 7.5703125 2.2822265625 7.1396484375 26.416015625 3.69921875 36.275390625 66 43 65.0 48.0 0.15101073514159433 0.16666666666666666 0.16666666666666666 
24 4 6 7.8125 2.14453125 7.146484375 27.76171875 3.388671875 36.16015625 67 44 59.0 48.0 0.15169573807269104 0.16666666666666666 0.16666666666666666 
25 4 6 7.9013671875 2.1923828125 7.3935546875 28.466796875 3.505859375 37.958984375 69 45 49.0 48.0 0.151943507339015 0.16666666666666666 0.16666666666666666 
26 3 7 8.337890625 2.2802734375 7.677734375 30.2529296875 3.67578125 40.22265625 74 46 83.0 48.0 0.1520191451343793 0.16666666666666666 0.16666666666666666 
27 4 7 8.5771484375 2.244140625 7.890625 31.13671875 3.650390625 41.166015625 75 47 77.0 48.0 0.15288836326433947 0.16666666666666666 0.16666666666666666 
28 4 6 8.927734375 2.2587890625 8.119140625 33.146484375 3.728515625 42.87109375 79 48 82.0 82.0 0.15340542703823914 0.2 0.2 
29 4 7 9.0625 2.271484375 8.294921875 34.1865234375 3.798828125 43.43359375 81 49 84.0 82.0 0.1529541720215546 0.2 0.2 
30 7 11 9.369140625 2.30859375 8.54296875 36.326171875 3.8828125 45.52734375 85 50 82.0 82.0 0.1533745307426945 0.2 0.2 
31 7 8 9.5712890625 2.41015625 8.759765625 38.7978515625 4.14453125 46.845703125 89 52 83.0 82.0 0.1553013040561866 0.2 0.2 
32 5 12 9.78515625 2.587890625 8.4453125 42.44921875 4.46484375 45.017578125 91 53 78.0 82.0 0.1589695081394295 0.2 0.2 
33 6 13 9.70703125 2.6708984375 7.236328125 47.84375 4.49609375 37.572265625 89 54 62.0 82.0 0.16463638900162253 0.2 0.2 
34 3 16 9.470703125 2.6708984375 5.876953125 51.7822265625 4.4765625 28.771484375 85 55 123.0 82.0 0.1717371820887432 0.2 0.2 
35 5 16 9.5859375 2.6015625 5.806640625 53.2919921875 4.35546875 28.265625 85 56 76.0 82.0 0.17369210379464156 0.2 0.2 
36 4 16 9.8779296875 2.5986328125 6.0029296875 55.6728515625 4.388671875 29.51953125 89 57 86.0 82.0 0.17467433824855555 0.2 0.2 
37 4 18 9.98046875 2.6259765625 6.087890625 56.1044921875 4.458984375 30.04296875 90 57 96.0 82.0 0.17514049535533777 0.2 0.2 
38 6 20 10.1513671875 2.662109375 6.3251953125 57.8720703125 4.6015625 31.369140625 93 58 105.0 82.0 0.17513041971049648 0.2 0.2 
39 4 18 10.4150390625 2.6767578125 6.5244140625 59.7705078125 4.658203125 32.427734375 96 59 89.0 82.0 0.17724880642360955 0.2 0.2 
40 6 19 10.611328125 2.6748046875 6.6474609375 60.6123046875 4.6640625 33.083984375 98 60 103.0 82.0 0.17660114679157496 0.2 0.2 
41 5 18 10.673828125 2.73828125 6.7939453125 61.2822265625 4.79296875 34.220703125 100 61 85.0 82.0 0.17646294135551796 0.2 0.2 
42 4 20 10.7451171875 2.765625 6.9375 62.3037109375 4.90234375 35.70703125 102 62 156.0 82.0 0.1784654229234289 0.2 0.2 
43 5 19 10.9765625 2.8642578125 7.279296875 64.12890625 5.146484375 37.994140625 107 63 110.0 110.0 0.17704493314844716 0.25 0.25 
44 6 19 11.1396484375 2.84375 7.4453125 65.40234375 5.142578125 39.3359375 109 64 123.0 110.0 0.17793218879644507 0.25 0.25 
45 9 23 11.466796875 2.8466796875 7.6396484375 68.1962890625 5.138671875 40.73828125 114 65 127.0 110.0 0.17861352785669035 0.25 0.25 
46 5 20 11.595703125 2.705078125 8.087890625 70.828125 4.837890625 43.75 119 66 131.0 110.0 0.18462178283955444 0.25 0.25 
47 5 21 11.373046875 2.6357421875 9.025390625 70.71875 4.625 48.818359375 124 68 126.0 110.0 0.1929217185808966 0.25 0.25 
48 4 24 10.25390625 2.40625 10.703125 64.2158203125 3.9609375 57.021484375 125 69 119.0 110.0 0.20972721126529606 0.25 0.25 
49 4 25 9.900390625 2.2734375 11.412109375 62.7451171875 3.640625 60.9140625 127 70 133.0 110.0 0.217466694004779 0.25 0.25 
50 4 26 10.068359375 2.208984375 11.5185546875 63.9814453125 3.53125 62.0078125 129 71 186.0 110.0 0.2193091982886894 0.25 0.25 
