0 69 27 3.2900390625 2.09375 1.8974609375 10.08203125 3.673828125 3.1484375 16 16 43.0 43.0 0.11121148003472422 0.125 0.125 
1 16 4 3.5625 2.201171875 1.9609375 10.9130859375 3.8203125 3.341796875 18 17 30.0 30.0 0.11256355406746213 0.14285714285714285 0.14285714285714285 
2 17 4 4.423828125 2.3427734375 2.142578125 14.1259765625 4.099609375 3.849609375 22 19 26.0 30.0 0.11623302641369174 0.14285714285714285 0.14285714285714285 
3 20 4 5.1806640625 2.5830078125 2.2412109375 16.744140625 4.658203125 3.984375 25 20 27.0 30.0 0.11862637958829446 0.14285714285714285 0.14285714285714285 
4 19 3 5.328125 2.6982421875 2.3212890625 17.1259765625 4.966796875 4.125 26 21 26.0 30.0 0.11936665764790833 0.14285714285714285 0.14285714285714285 
5 7 5 5.5390625 2.6328125 2.3798828125 18.1162109375 4.83984375 4.294921875 27 22 34.0 30.0 0.12048998635912761 0.14285714285714285 0.14285714285714285 
6 9 5 5.8369140625 2.7529296875 2.568359375 19.455078125 5.345703125 4.787109375 29 23 27.0 30.0 0.12156124582882448 0.14285714285714285 0.14285714285714285 
7 9 6 6.2412109375 2.9267578125 2.734375 22.265625 6.041015625 5.193359375 33 24 33.0 30.0 0.12468691518984513 0.14285714285714285 0.14285714285714285 
8 4 6 6.65625 3.1103515625 2.9697265625 24.8623046875 6.64453125 5.767578125 37 26 45.0 30.0 0.1264902794687952 0.14285714285714285 0.14285714285714285 
9 4 7 6.9775390625 3.26953125 3.15234375 26.6494140625 7.22265625 6.328125 40 27 49.0 49.0 0.12903159665854963 0.16666666666666666 0.16666666666666666 
10 6 10 6.98828125 3.533203125 3.2880859375 26.376953125 8.08203125 6.763671875 41 28 45.0 49.0 0.1294756648516412 0.16666666666666666 0.16666666666666666 
11 5 11 7.4296875 3.642578125 3.4140625 28.2255859375 8.435546875 7.13671875 43 30 45.0 49.0 0.1302923909857501 0.16666666666666666 0.16666666666666666 
12 4 11 7.6337890625 3.7890625 3.5927734375 28.6025390625 8.921875 7.6953125 45 31 45.0 49.0 0.13037222109487717 0.16666666666666666 0.16666666666666666 
13 4 10 8.2568359375 3.9951171875 3.5068359375 30.107421875 9.541015625 7.546875 47 32 55.0 49.0 0.13370666063537137 0.16666666666666666 0.16666666666666666 
14 5 8 9.4521484375 4.5126953125 3.0009765625 30.5546875 11.396484375 6.0625 48 33 27.0 49.0 0.1402581901605339 0.16666666666666666 0.16666666666666666 
15 4 7 10.6923828125 5.0498046875 2.4287109375 30.8876953125 13.330078125 4.26171875 48 34 49.0 49.0 0.14800269717261907 0.16666666666666666 0.16666666666666666 
16 5 5 10.9384765625 5.1904296875 2.3017578125 31.7841796875 13.779296875 3.90234375 49 35 45.0 49.0 0.15093083457341266 0.16666666666666666 0.16666666666666666 
17 4 5 11.0419921875 5.265625 2.3779296875 32.306640625 14.025390625 4.107421875 50 36 51.0 49.0 0.15203179253472232 0.16666666666666666 0.16666666666666666 
18 3 5 11.115234375 5.384765625 2.31640625 32.2783203125 14.484375 4.021484375 50 36 65.0 49.0 0.15142802889384932 0.16666666666666666 0.16666666666666666 
19 4 7 11.2265625 5.5322265625 2.3330078125 32.990234375 14.904296875 4.033203125 51 37 35.0 49.0 0.15043402777777784 0.16666666666666666 0.16666666666666666 
20 5 6 11.5908203125 5.58984375 2.3046875 34.3037109375 15.2109375 3.984375 53 38 56.0 49.0 0.15140942770337304 0.16666666666666666 0.16666666666666666 
21 4 7 11.5380859375 5.74609375 2.2646484375 34.591796875 15.75390625 3.84765625 54 39 49.0 49.0 0.15130595858134943 0.16666666666666666 0.16666666666666666 
22 3 6 11.6298828125 5.8955078125 2.296875 35.33984375 16.181640625 3.8671875 55 39 41.0 49.0 0.15096532428075396 0.16666666666666666 0.16666666666666666 
23 3 5 11.701171875 6.0947265625 2.3134765625 35.6796875 16.8984375 3.9375 56 40 62.0 49.0 0.1517787388392858 0.16666666666666666 0.16666666666666666 
24 3 5 11.7939453125 6.275390625 2.322265625 36.2841796875 17.5546875 3.916015625 57 41 65.0 49.0 0.15280219184027788 0.16666666666666666 0.16666666666666666 
25 3 5 11.95703125 6.375 2.341796875 37.0625 17.9921875 3.908203125 58 41 49.0 49.0 0.15400933159722202 0.16666666666666666 0.16666666666666666 
26 3 6 12.185546875 6.5888671875 2.33203125 37.8583984375 18.943359375 3.8671875 60 42 85.0 49.0 0.15271232131583704 0.16666666666666666 0.16666666666666666 
27 3 7 12.19921875 6.736328125 2.298828125 38.33203125 19.802734375 3.763671875 61 43 49.0 49.0 0.15295487661210327 0.16666666666666666 0.16666666666666666 
28 3 7 12.34765625 7.005859375 2.3056640625 39.9306640625 20.693359375 3.7734375 64 44 89.0 49.0 0.15392175099206343 0.16666666666666666 0.16666666666666666 
29 4 6 12.4287109375 7.158203125 2.2001953125 40.0166015625 21.326171875 3.521484375 64 44 39.0 49.0 0.15542302207341246 0.16666666666666666 0.16666666666666666 
30 3 7 12.5107421875 7.3251953125 2.228515625 40.25390625 22.203125 3.578125 66 45 97.0 49.0 0.154124813988095 0.16666666666666666 0.16666666666666666 
31 4 7 12.486328125 7.49609375 2.28515625 40.9794921875 22.96875 3.69140625 67 46 63.0 49.0 0.15484212239583306 0.16666666666666666 0.16666666666666666 
32 4 10 12.466796875 7.6552734375 2.361328125 41.498046875 23.529296875 3.86328125 68 46 63.0 49.0 0.15475764198908706 0.16666666666666666 0.16666666666666666 
33 4 9 12.337890625 7.7998046875 2.3974609375 40.904296875 24.349609375 3.986328125 69 47 45.0 49.0 0.15381060183306278 0.16666666666666666 0.16666666666666666 
34 4 8 12.59375 8.0009765625 2.3955078125 42.755859375 25.47265625 4.001953125 72 48 99.0 49.0 0.15607138629599532 0.16666666666666666 0.16666666666666666 
35 4 10 12.63671875 8.0751953125 2.3974609375 43.74609375 25.865234375 4.029296875 73 48 66.0 49.0 0.1554416232638886 0.16666666666666666 0.16666666666666666 
36 4 10 12.462890625 8.0927734375 2.3203125 43.1796875 26.357421875 3.87890625 73 49 95.0 49.0 0.15421785517000336 0.16666666666666666 0.16666666666666666 
37 4 10 12.6240234375 8.2919921875 2.294921875 44.453125 27.10546875 3.814453125 75 50 59.0 49.0 0.15519128224206338 0.16666666666666666 0.16666666666666666 
38 5 11 12.5732421875 8.4619140625 2.3193359375 45.03515625 28.1328125 3.869140625 77 50 73.0 49.0 0.15531916542658708 0.16666666666666666 0.16666666666666666 
39 5 11 12.791015625 8.8564453125 2.359375 46.7841796875 29.91796875 3.951171875 80 51 112.0 49.0 0.1555861700148807 0.16666666666666666 0.16666666666666666 
40 5 11 12.98828125 8.962890625 2.34375 48.3251953125 30.783203125 3.935546875 83 52 35.0 49.0 0.15559159536210287 0.16666666666666666 0.16666666666666666 
41 5 12 12.9697265625 9.2216796875 2.3134765625 48.4990234375 32.078125 3.8046875 84 53 71.0 49.0 0.1556486319669911 0.16666666666666666 0.16666666666666666 
42 5 11 13.1103515625 9.4228515625 2.3115234375 50.8828125 33.51953125 3.814453125 88 53 93.0 49.0 0.1564651114944081 0.16666666666666666 0.16666666666666666 
43 5 10 13.14453125 9.5927734375 2.3369140625 51.552734375 34.919921875 3.84375 90 54 108.0 49.0 0.1557756696428569 0.16666666666666666 0.16666666666666666 
44 4 10 13.2978515625 9.8349609375 2.322265625 52.4228515625 36.53515625 3.853515625 92 55 142.0 49.0 0.15748077876984087 0.16666666666666666 0.16666666666666666 
45 5 12 13.3251953125 10.029296875 2.3466796875 54.30859375 37.71875 3.91796875 95 56 112.0 49.0 0.15743078807043612 0.16666666666666666 0.16666666666666666 
46 5 10 13.333984375 10.2451171875 2.3349609375 54.3466796875 38.873046875 3.9765625 97 57 113.0 49.0 0.1565387412067096 0.16666666666666666 0.16666666666666666 
47 4 11 13.208984375 10.4306640625 2.30078125 53.447265625 40.32421875 3.8828125 97 58 129.0 49.0 0.15766756572420593 0.16666666666666666 0.16666666666666666 
48 10 11 13.21875 10.5634765625 2.291015625 53.794921875 41.484375 3.91015625 99 59 143.0 49.0 0.15806985169778096 0.16666666666666666 0.16666666666666666 
49 4 11 13.314453125 10.7509765625 2.263671875 55.0263671875 43.271484375 3.8046875 102 59 127.0 49.0 0.1592114645337297 0.16666666666666666 0.16666666666666666 
50 5 12 13.4619140625 10.9033203125 2.228515625 56.427734375 44.806640625 3.69921875 104 60 85.0 49.0 0.15831681068497444 0.16666666666666666 0.16666666666666666 
