0 65 30 3.19921875 2.0751953125 1.8564453125 9.501953125 3.662109375 3.0546875 16 16 27.0 27.0 0.11117818813131519 0.125 0.125 
1 17 4 3.4482421875 2.0400390625 1.8642578125 10.3447265625 3.58984375 3.0 16 16 27.0 27.0 0.11202799479166861 0.125 0.125 
2 17 3 4.0849609375 2.1787109375 1.9287109375 12.83203125 4.0234375 3.06640625 19 17 38.0 38.0 0.11476895771329523 0.14285714285714285 0.14285714285714285 
3 15 2 4.9140625 2.58203125 2.1015625 15.7392578125 5.26953125 3.4765625 24 19 40.0 38.0 0.11856592571924686 0.14285714285714285 0.14285714285714285 
4 12 3 5.087890625 2.8173828125 2.201171875 16.185546875 5.900390625 3.677734375 25 20 25.0 38.0 0.12024235801091335 0.14285714285714285 0.14285714285714285 
5 14 2 5.2763671875 3.08984375 2.21484375 16.5380859375 6.62109375 3.673828125 26 21 31.0 38.0 0.12153242807539731 0.14285714285714285 0.14285714285714285 
6 7 2 5.4228515625 3.435546875 2.083984375 16.7421875 7.57421875 3.35546875 27 22 23.0 38.0 0.12462913876488119 0.14285714285714285 0.14285714285714285 
7 8 4 5.361328125 3.9609375 1.8984375 16.388671875 9.26953125 2.892578125 28 23 45.0 45.0 0.129135699912067 0.16666666666666666 0.16666666666666666 
8 9 3 5.3974609375 4.0927734375 1.96875 16.650390625 9.6171875 3.037109375 29 23 47.0 45.0 0.13204016307043612 0.16666666666666666 0.16666666666666666 
9 9 2 5.578125 4.177734375 1.9384765625 17.3193359375 10.146484375 2.935546875 30 24 45.0 45.0 0.13310043092757895 0.16666666666666666 0.16666666666666666 
10 12 2 5.71484375 4.4482421875 1.9697265625 18.068359375 11.826171875 3.009765625 32 25 45.0 45.0 0.13475480953508273 0.16666666666666666 0.16666666666666666 
11 10 3 5.974609375 5.236328125 1.880859375 19.9296875 16.10546875 2.86328125 38 26 55.0 45.0 0.14208410133703056 0.16666666666666666 0.16666666666666666 
12 4 2 6.1298828125 6.2099609375 1.8291015625 21.5927734375 21.294921875 2.748046875 45 27 47.0 45.0 0.14983318818767996 0.16666666666666666 0.16666666666666666 
13 4 2 6.1513671875 6.5380859375 1.8125 21.8798828125 22.65625 2.689453125 47 29 37.0 45.0 0.15020669163735562 0.16666666666666666 0.16666666666666666 
14 6 2 6.3046875 6.880859375 1.794921875 22.4306640625 23.9140625 2.654296875 48 30 41.0 45.0 0.1529485000676401 0.16666666666666666 0.16666666666666666 
15 5 5 6.33984375 7.1787109375 1.7919921875 22.6845703125 25.224609375 2.642578125 50 31 63.0 63.0 0.15296241573097 0.2 0.2 
16 4 3 6.5107421875 7.5185546875 1.8076171875 23.4287109375 26.771484375 2.673828125 52 33 75.0 63.0 0.1523538961038958 0.2 0.2 
17 4 3 6.640625 7.9775390625 1.8662109375 24.1728515625 28.82421875 2.794921875 55 34 87.0 63.0 0.15462686998331515 0.2 0.2 
18 3 3 6.7373046875 8.771484375 1.8837890625 25.240234375 32.43359375 2.85546875 60 35 57.0 63.0 0.15918218879644605 0.2 0.2 
19 6 3 6.7841796875 10.474609375 1.9716796875 26.6845703125 41.484375 3.064453125 71 37 73.0 63.0 0.1707505087143747 0.2 0.2 
20 5 6 6.7861328125 11.7216796875 2.0390625 27.5732421875 47.7890625 3.220703125 78 39 67.0 67.0 0.18034879345914326 0.25 0.25 
21 5 5 6.8818359375 11.78515625 1.9833984375 28.15625 48.609375 3.080078125 79 41 95.0 67.0 0.18368643888663236 0.25 0.25 
22 6 3 7.06640625 11.8603515625 2.025390625 29.19921875 48.83984375 3.181640625 81 43 101.0 67.0 0.18226658324314415 0.25 0.25 
23 5 3 7.4375 11.865234375 1.96484375 31.8994140625 48.220703125 3.05859375 83 44 113.0 67.0 0.1898461808373899 0.25 0.25 
24 5 4 8.5009765625 11.7392578125 1.9013671875 39.3291015625 45.91796875 2.9375 88 46 97.0 67.0 0.2068375580582596 0.25 0.25 
25 5 6 9.666015625 11.66015625 1.9091796875 47.5380859375 44.498046875 2.98046875 95 48 93.0 67.0 0.22451062663464902 0.25 0.25 
26 6 6 9.8701171875 11.697265625 1.9111328125 49.31640625 44.87890625 3.01171875 97 50 115.0 67.0 0.22333720153544287 0.25 0.25 
27 4 6 10.0205078125 11.794921875 1.8984375 50.53515625 45.544921875 2.98046875 99 51 129.0 67.0 0.2243388826884913 0.25 0.25 
28 5 6 10.2099609375 11.87890625 1.9375 52.1806640625 46.60546875 3.06640625 101 53 99.0 67.0 0.22257145252750632 0.25 0.25 
29 5 8 10.4580078125 11.96875 1.98828125 53.501953125 47.3671875 3.18359375 104 55 75.0 67.0 0.2252821885146094 0.25 0.25 
30 6 9 10.5419921875 12.0576171875 2.0673828125 54.4326171875 48.111328125 3.44140625 105 56 99.0 67.0 0.22354487959956612 0.25 0.25 
31 7 9 10.666015625 12.0693359375 2.0576171875 55.306640625 48.59375 3.390625 107 58 95.0 95.0 0.22552911227227554 0.3333333333333333 0.3333333333333333 
32 7 9 10.7822265625 12.3134765625 2.09375 56.1298828125 50.541015625 3.486328125 110 60 95.0 95.0 0.22658071366567362 0.3333333333333333 0.3333333333333333 
33 8 6 10.9375 12.4697265625 2.0947265625 57.978515625 51.55078125 3.439453125 112 61 81.0 95.0 0.22490347109487646 0.3333333333333333 0.3333333333333333 
34 5 6 10.939453125 12.5859375 2.1806640625 58.28125 52.126953125 3.6328125 114 63 105.0 95.0 0.2336914062499993 0.3333333333333333 0.3333333333333333 
35 5 6 10.6103515625 12.541015625 2.3515625 56.9306640625 50.513671875 4.068359375 111 64 95.0 95.0 0.24130887558621916 0.3333333333333333 0.3333333333333333 
36 6 7 9.796875 12.279296875 2.7138671875 51.9462890625 46.177734375 4.8984375 103 65 87.0 95.0 0.27183667027417063 0.3333333333333333 0.3333333333333333 
37 6 6 9.4990234375 12.09765625 2.7578125 50.4814453125 44.486328125 5.0078125 99 66 121.0 95.0 0.2837329770923521 0.3333333333333333 0.3333333333333333 
38 5 6 9.5849609375 12.12890625 2.802734375 51.34375 45.537109375 5.08203125 101 67 103.0 95.0 0.285958074044012 0.3333333333333333 0.3333333333333333 
39 4 6 9.84375 12.0576171875 2.8525390625 53.0419921875 45.275390625 5.17578125 103 68 117.0 95.0 0.2892512245783728 0.3333333333333333 0.3333333333333333 
40 5 6 9.974609375 11.9453125 2.9658203125 54.244140625 45.81640625 5.47265625 105 69 79.0 95.0 0.2845789085046899 0.3333333333333333 0.3333333333333333 
41 5 6 10.0048828125 12.203125 3.0234375 54.921875 47.81640625 5.599609375 108 70 91.0 95.0 0.28243205633342366 0.3333333333333333 0.3333333333333333 
42 10 5 10.1669921875 12.41796875 2.9501953125 55.833984375 49.337890625 5.39453125 110 71 125.0 95.0 0.28270874904175686 0.3333333333333333 0.3333333333333333 
43 4 6 10.4208984375 12.5966796875 3.0751953125 58.0927734375 51.44921875 5.734375 115 72 91.0 95.0 0.2903464048971859 0.3333333333333333 0.3333333333333333 
44 4 8 10.5771484375 12.6064453125 3.14453125 59.6083984375 52.271484375 5.896484375 117 73 93.0 95.0 0.2903092377457612 0.3333333333333333 0.3333333333333333 
45 4 6 10.7978515625 12.5986328125 3.21484375 61.271484375 53.49609375 6.064453125 120 74 121.0 95.0 0.28687298487103174 0.3333333333333333 0.3333333333333333 
46 4 7 10.89453125 12.86328125 3.1669921875 62.8486328125 56.349609375 5.880859375 125 75 107.0 95.0 0.2852744802940116 0.3333333333333333 0.3333333333333333 
47 4 6 11.279296875 13.046875 3.244140625 65.6416015625 56.541015625 6.04296875 128 76 73.0 95.0 0.29290910641008283 0.3333333333333333 0.3333333333333333 
48 4 8 11.6494140625 12.939453125 3.2890625 68.685546875 55.7421875 6.15625 130 77 185.0 95.0 0.2949025339894482 0.3333333333333333 0.3333333333333333 
49 4 7 11.7080078125 13.1533203125 3.2451171875 69.4912109375 58.115234375 6.0625 133 78 169.0 95.0 0.2917689135950853 0.3333333333333333 0.3333333333333333 
50 4 7 11.9755859375 13.2841796875 3.240234375 72.2373046875 59.94140625 6.109375 138 79 141.0 95.0 0.292566146960678 0.3333333333333333 0.3333333333333333 
