0 70 26 3.169921875 2.125 1.904296875 9.4716796875 3.767578125 3.142578125 16 16 30.0 30.0 0.11117670849116364 0.125 0.125 
1 17 4 3.4736328125 2.2294921875 1.9248046875 10.6083984375 3.94921875 3.140625 17 17 32.0 32.0 0.11272088913690664 0.14285714285714285 0.14285714285714285 
2 21 4 4.3916015625 2.4306640625 1.89453125 14.169921875 4.47265625 3.05859375 21 18 32.0 32.0 0.1161935341134573 0.14285714285714285 0.14285714285714285 
3 16 3 5.044921875 2.55859375 1.884765625 16.84765625 4.947265625 3.029296875 24 20 34.0 32.0 0.11956845238095315 0.14285714285714285 0.14285714285714285 
4 10 3 5.1826171875 2.7626953125 1.84765625 16.8935546875 5.59375 2.865234375 25 21 36.0 36.0 0.12011835007440547 0.16666666666666666 0.16666666666666666 
5 13 4 5.41796875 3.09765625 1.861328125 17.5458984375 6.599609375 2.837890625 26 22 36.0 36.0 0.12107359871031802 0.16666666666666666 0.16666666666666666 
6 9 4 5.6640625 3.6416015625 1.994140625 18.6171875 8.345703125 3.056640625 30 23 40.0 36.0 0.12323753720238129 0.16666666666666666 0.16666666666666666 
7 9 7 6.001953125 4.3505859375 2.099609375 20.552734375 10.994140625 3.267578125 34 24 42.0 42.0 0.12733335728941197 0.2 0.2 
8 9 6 6.3681640625 5.078125 2.240234375 22.49609375 13.484375 3.5625 39 26 38.0 42.0 0.13158623060966787 0.2 0.2 
9 5 7 6.6025390625 5.529296875 2.462890625 23.623046875 15.306640625 3.97265625 42 28 52.0 42.0 0.13495568830041466 0.2 0.2 
10 5 11 7.037109375 6.0859375 2.7802734375 26.2080078125 17.759765625 4.625 48 29 76.0 42.0 0.14068203660488826 0.2 0.2 
11 5 13 7.3681640625 6.4619140625 3.0390625 28.1015625 19.677734375 5.140625 52 31 76.0 42.0 0.14560462324134194 0.2 0.2 
12 7 14 7.6142578125 6.720703125 3.2724609375 29.25390625 21.08203125 5.61328125 55 33 67.0 67.0 0.1484361260484308 0.25 0.25 
13 4 10 7.5830078125 7.5859375 3.544921875 28.4208984375 25.423828125 6.16015625 60 35 69.0 67.0 0.1556800567054469 0.25 0.25 
14 4 11 7.6201171875 8.1357421875 3.86328125 28.5234375 29.033203125 6.802734375 64 37 68.0 67.0 0.16212156441648554 0.25 0.25 
15 6 13 8.0068359375 8.5771484375 4.0361328125 31.0400390625 31.86328125 7.216796875 70 39 76.0 67.0 0.16767585170905383 0.25 0.25 
16 4 15 8.5302734375 8.7900390625 4.12109375 34.4912109375 33.10546875 7.421875 75 41 79.0 67.0 0.17243930657016468 0.25 0.25 
17 6 17 8.826171875 8.9482421875 4.2119140625 37.1123046875 34.46875 7.640625 79 43 77.0 67.0 0.18158180252906672 0.25 0.25 
18 4 13 9.232421875 9.0126953125 4.3017578125 40.1474609375 35.037109375 7.927734375 83 45 75.0 67.0 0.19518553278318776 0.25 0.25 
19 5 18 9.3671875 9.2158203125 4.39453125 41.5712890625 36.490234375 8.150390625 86 47 81.0 67.0 0.20201805301902845 0.25 0.25 
20 5 13 9.6748046875 9.5244140625 4.4619140625 43.2158203125 37.9296875 8.298828125 89 49 81.0 67.0 0.2018420815295804 0.25 0.25 
21 6 14 9.9921875 9.9658203125 4.6181640625 44.697265625 39.892578125 8.623046875 93 51 78.0 67.0 0.20676783882350153 0.25 0.25 
22 5 13 10.1494140625 10.40234375 4.7890625 46.0888671875 41.736328125 9.146484375 96 53 92.0 67.0 0.20711153809298238 0.25 0.25 
23 5 13 10.4423828125 10.6416015625 4.9365234375 47.642578125 42.74609375 9.58984375 99 55 134.0 67.0 0.2079138201208502 0.25 0.25 
24 5 15 10.7158203125 10.982421875 5.1064453125 49.861328125 44.833984375 9.912109375 104 57 113.0 67.0 0.20989125349476825 0.25 0.25 
25 6 18 11.1572265625 11.1416015625 5.291015625 53.2353515625 46.345703125 10.2890625 109 59 99.0 67.0 0.2139792173971851 0.25 0.25 
26 6 20 11.33984375 11.2412109375 5.4794921875 54.5234375 47.138671875 10.794921875 112 61 106.0 106.0 0.21423230632214904 0.3333333333333333 0.3333333333333333 
27 7 19 11.7607421875 11.46875 5.7548828125 57.5830078125 49.02734375 11.361328125 117 63 104.0 106.0 0.21189197358630868 0.3333333333333333 0.3333333333333333 
28 6 15 11.826171875 12.0078125 5.96875 58.166015625 51.58203125 11.875 121 65 112.0 106.0 0.21859851303210573 0.3333333333333333 0.3333333333333333 
29 7 15 11.9970703125 12.1640625 6.421875 60.5546875 52.166015625 13.162109375 125 67 142.0 106.0 0.22162814670138806 0.3333333333333333 0.3333333333333333 
30 6 17 11.859375 12.142578125 7.0556640625 62.0185546875 50.283203125 15.0234375 127 69 116.0 116.0 0.23027505805826046 0.5 0.5 
31 6 19 11.1728515625 12.0703125 8.5361328125 60.478515625 46.830078125 19.533203125 126 71 102.0 116.0 0.2442917949021466 0.5 0.5 
32 6 21 10.990234375 11.6826171875 9.916015625 62.2392578125 41.662109375 23.869140625 127 73 104.0 116.0 0.26582228535353564 0.5 0.5 
33 7 21 11.263671875 11.6416015625 10.14453125 64.970703125 41.197265625 24.470703125 130 74 124.0 124.0 0.27316662016369064 1.0 1.0 
