499 94 42 [ 12.213142857142858 ] [ 662.9942857142858 ] 662 822 749.0 744.0 32.9125025479243 40.14205151653711 40.930041152263364 
499 105 45 [ 11.297428571428572 ] [ 677.1768571428571 ] 677 860 745.0 740.0 28.914150349709637 35.04389574759945 35.47873799725651 
499 99 42 [ 11.994857142857143 ] [ 668.3485714285714 ] 668 821 690.0 739.0 34.607112646379825 41.839963420210324 42.78006401463191 
499 161 47 [ 11.438571428571429 ] [ 664.0785714285714 ] 664 841 718.0 744.0 33.533423931752125 40.6739826245999 41.06995884773662 
499 96 42 [ 12.180571428571428 ] [ 664.8822857142857 ] 664 721 742.0 694.0 40.50507293297175 50.45557079713458 50.59259259259259 
499 159 46 [ 12.579714285714285 ] [ 649.3331428571429 ] 649 721 741.0 741.0 30.182328038564744 38.113549763755515 38.113549763755515 
499 92 43 [ 11.283142857142858 ] [ 675.1748571428571 ] 675 755 738.0 746.0 37.20826660935615 46.85185185185185 47.246913580246904
499 94 41 [ 10.637428571428572 ] [ 673.3177142857143 ] 673 905 747.0 744.0 32.20201946567381 40.76543209876542 40.76543209876542 
499 100 43 [ 11.293714285714286 ] [ 668.7425714285714 ] 668 994 721.0 735.0 27.702167319205056 32.512117055326925 33.6076817558299 
499 160 47 [ 11.255142857142857 ] [ 672.3248571428571 ] 672 1123 745.0 745.0 30.807786040666976 37.66255144032922 37.66255144032922

47.14814814814814 499
41.12665752171925 470
38.99999999999999 492
42.20713305898491 482
44.07407407407407 476
35.8477366255144 499
40.807498856881566 473
43.70233196159121 479
52.63008687700045 493
41.44535893918609 477