0 70 29 3.115234375 2.1572265625 1.90625 9.4443359375 3.876953125 3.15625 16 16 28.0 28.0 0.11120605468750204 0.125 0.125 
1 18 2 3.3720703125 2.34765625 1.912109375 10.638671875 4.3984375 3.201171875 18 17 16.0 28.0 0.11311306423611299 0.125 0.125 
2 23 1 4.3857421875 2.822265625 1.962890625 15.5625 5.556640625 3.34375 24 19 32.0 32.0 0.11964905753968344 0.14285714285714285 0.14285714285714285 
3 14 2 5.0283203125 3.0458984375 1.9853515625 18.5146484375 6.115234375 3.345703125 27 21 32.0 32.0 0.1235382564484129 0.14285714285714285 0.14285714285714285 
4 11 1 5.064453125 3.1044921875 1.962890625 18.412109375 6.20703125 3.294921875 27 23 32.0 32.0 0.1238668774801589 0.14285714285714285 0.14285714285714285 
5 13 2 5.2392578125 3.1591796875 1.9189453125 19.2939453125 6.21484375 3.12890625 28 23 30.0 30.0 0.1257428850446429 0.16666666666666666 0.16666666666666666 
6 10 2 5.462890625 3.423828125 1.9169921875 20.73828125 6.337890625 3.029296875 30 24 32.0 30.0 0.13236223141008255 0.16666666666666666 0.16666666666666666 
7 5 1 5.6513671875 3.662109375 1.908203125 22.4208984375 6.369140625 2.865234375 31 25 32.0 30.0 0.14036070808531642 0.16666666666666666 0.16666666666666666 
8 4 1 5.5302734375 3.755859375 1.9599609375 22.32421875 6.587890625 2.982421875 31 26 32.0 32.0 0.14724392361111038 0.2 0.2 
9 3 1 5.2421875 3.8310546875 1.9658203125 22.0732421875 6.744140625 2.935546875 31 26 32.0 32.0 0.1590208023313486 0.2 0.2 
10 4 1 5.2646484375 3.8232421875 2.00390625 22.150390625 6.765625 3.02734375 31 27 32.0 32.0 0.16214231460813436 0.2 0.2 
11 2 1 5.3076171875 3.8544921875 1.98828125 22.1611328125 6.853515625 3.0 32 27 32.0 32.0 0.16890465762535972 0.2 0.2 
12 4 2 5.361328125 3.8681640625 1.9912109375 22.1533203125 7.013671875 2.9921875 32 28 34.0 32.0 0.185868908110117 0.2 0.2 
13 4 1 5.396484375 3.83984375 2.0048828125 22.1865234375 6.978515625 3.03515625 32 28 28.0 32.0 0.19021422371031513 0.2 0.2 
14 5 2 5.486328125 3.849609375 1.978515625 22.185546875 7.021484375 2.986328125 32 28 32.0 32.0 0.18823125930059303 0.2 0.2 
15 4 2 5.5244140625 3.8095703125 1.9853515625 22.32421875 6.876953125 3.009765625 32 28 56.0 32.0 0.18907528831845014 0.2 0.2 
16 5 1 5.5830078125 3.8896484375 1.97265625 22.4111328125 7.04296875 2.9921875 32 29 38.0 32.0 0.18811926463293438 0.2 0.2 
17 4 1 5.619140625 3.8466796875 1.990234375 22.5888671875 7.056640625 3.046875 32 29 32.0 32.0 0.18836421553706492 0.2 0.2 
18 3 1 5.6416015625 3.8662109375 1.998046875 22.689453125 7.078125 3.05859375 32 29 32.0 32.0 0.1883118644593232 0.2 0.2 
19 4 1 5.6787109375 3.8203125 2.03125 22.890625 6.935546875 3.16796875 32 29 30.0 32.0 0.18905746217757724 0.2 0.2 
20 3 2 5.7421875 3.8330078125 2.048828125 23.177734375 6.951171875 3.22265625 33 29 30.0 32.0 0.19015221974206126 0.2 0.2 
21 3 1 5.7822265625 3.796875 2.0283203125 23.19140625 6.83203125 3.181640625 33 29 28.0 32.0 0.19040876116071204 0.2 0.2 
22 4 1 5.8369140625 3.818359375 2.0078125 23.20703125 6.849609375 3.1484375 33 30 32.0 32.0 0.1888795882936487 0.2 0.2 
23 4 2 5.87890625 3.837890625 2.052734375 23.3974609375 6.90625 3.26953125 33 30 32.0 32.0 0.18777556536345394 0.2 0.2 
24 4 1 5.91015625 3.81640625 2.013671875 23.5625 6.845703125 3.1640625 33 30 32.0 32.0 0.1886776878720216 0.2 0.2 
25 3 2 5.9736328125 3.8642578125 2.0400390625 23.6064453125 6.951171875 3.21875 33 30 32.0 32.0 0.18992710306186641 0.25 0.25 
26 4 2 6.0048828125 3.88671875 2.048828125 23.4326171875 7.0390625 3.228515625 33 30 32.0 32.0 0.18928765190972 0.25 0.25 
27 2 1 6.0634765625 3.8828125 2.0439453125 23.572265625 7.048828125 3.19921875 33 30 32.0 32.0 0.19083116319444224 0.25 0.25 
28 3 1 6.0703125 3.919921875 2.0126953125 23.1826171875 7.095703125 3.125 33 30 32.0 32.0 0.19827241443452162 0.25 0.25 
29 2 1 6.119140625 3.96484375 2.015625 22.458984375 7.072265625 3.068359375 32 30 32.0 32.0 0.21820552765376863 0.25 0.25 
30 3 1 6.1796875 3.916015625 1.9931640625 22.2119140625 6.978515625 2.9921875 32 30 32.0 32.0 0.22922867063492008 0.25 0.25 
31 1 1 6.20703125 3.90625 1.9931640625 22.2890625 6.94921875 3.00390625 32 30 32.0 32.0 0.22964138454861052 0.25 0.25 
32 2 1 6.1962890625 3.892578125 2.01171875 22.2275390625 6.912109375 3.044921875 32 31 32.0 32.0 0.2299548921130946 0.25 0.25 
33 2 1 6.2060546875 3.8896484375 1.994140625 22.349609375 6.962890625 3.00390625 32 31 32.0 32.0 0.23130967881944378 0.25 0.25 
34 2 1 6.193359375 3.8896484375 2.0087890625 22.0927734375 6.935546875 3.0390625 32 31 32.0 32.0 0.22962084573412644 0.25 0.25 
35 3 1 6.25 3.890625 2.0205078125 22.451171875 6.93359375 3.0625 32 31 32.0 32.0 0.23116319444444403 0.25 0.25 
36 2 1 6.267578125 3.8955078125 2.0263671875 22.37890625 6.9296875 3.07421875 32 31 32.0 32.0 0.23084658668154698 0.25 0.25 
37 2 1 6.2548828125 3.90234375 2.0068359375 22.3935546875 6.947265625 3.029296875 32 31 32.0 32.0 0.22966037326388833 0.25 0.25 
38 2 1 6.3017578125 3.904296875 2.015625 22.27734375 6.95703125 3.046875 32 31 32.0 32.0 0.23168402777777738 0.25 0.25 
39 2 1 6.3564453125 3.91015625 2.0224609375 22.341796875 6.970703125 3.064453125 32 31 32.0 32.0 0.23080550905257882 0.25 0.25 
40 2 1 6.369140625 3.8984375 2.0361328125 22.4296875 6.935546875 3.095703125 32 31 32.0 32.0 0.2313015407986106 0.25 0.25 
41 2 1 6.3837890625 3.9013671875 2.0078125 22.4482421875 6.951171875 3.033203125 32 31 32.0 32.0 0.22959449404761856 0.25 0.25 
42 1 2 6.4326171875 3.896484375 2.0302734375 22.5712890625 6.970703125 3.08203125 32 31 32.0 32.0 0.22941894531249932 0.25 0.25 
43 2 1 6.4423828125 3.9150390625 2.0419921875 22.4375 6.98828125 3.123046875 32 31 32.0 32.0 0.23141198536706298 0.25 0.25 
44 2 1 6.4130859375 3.880859375 2.02734375 22.4794921875 6.94921875 3.076171875 32 31 32.0 32.0 0.22773088727678506 0.25 0.25 
45 2 1 6.4052734375 3.9072265625 2.0263671875 22.3623046875 6.990234375 3.083984375 32 31 32.0 32.0 0.23038543216765817 0.25 0.25 
46 2 1 6.4453125 3.9111328125 2.03125 22.5595703125 7.01171875 3.10546875 32 31 32.0 32.0 0.2307993086557533 0.25 0.25 
47 2 1 6.4697265625 3.9248046875 2.0185546875 22.720703125 7.017578125 3.078125 32 31 32.0 32.0 0.22872256324404686 0.25 0.25 
48 2 1 6.484375 3.8955078125 2.009765625 22.5830078125 6.978515625 3.048828125 32 31 32.0 32.0 0.22858925471230115 0.25 0.25 
49 2 1 6.541015625 3.904296875 2.013671875 22.87890625 7.00390625 3.048828125 32 31 32.0 32.0 0.23249085441468195 0.25 0.25 
50 2 1 6.544921875 3.8974609375 2.0126953125 22.7001953125 6.95703125 3.046875 32 31 32.0 32.0 0.23021375868055502 0.25 0.25 
