0 66 27 3.17578125 2.037109375 1.974609375 9.466796875 3.646484375 3.349609375 16 16 11.0 11.0 0.11115993923611307 0.125 0.125 
1 18 1 3.4833984375 1.8994140625 1.9814453125 10.7177734375 3.33203125 3.30078125 17 16 17.0 11.0 0.1131971571180574 0.125 0.125 
2 23 1 4.375 1.7392578125 2.056640625 13.2509765625 2.900390625 3.37109375 19 17 24.0 11.0 0.11966688368055639 0.125 0.125 
3 12 1 4.8974609375 1.5810546875 2.0615234375 14.857421875 2.375 3.361328125 20 18 25.0 11.0 0.12393120659722234 0.125 0.125 
4 10 1 4.958984375 1.5654296875 2.0888671875 15.029296875 2.3046875 3.384765625 20 18 24.0 11.0 0.12396375868055572 0.125 0.125 
5 14 1 5.0068359375 1.5634765625 2.0732421875 15.0185546875 2.302734375 3.36328125 20 19 16.0 11.0 0.12371419270833349 0.125 0.125 
6 7 1 5.041015625 1.6103515625 2.0537109375 14.9873046875 2.43359375 3.326171875 20 19 18.0 11.0 0.12378743489583352 0.125 0.125 
7 4 0 5.083984375 1.6015625 2.009765625 14.9296875 2.369140625 3.19140625 20 19 18.0 18.0 0.12386571490575414 0.14285714285714285 0.14285714285714285 
8 3 0 5.0810546875 1.58203125 1.978515625 14.7490234375 2.326171875 3.150390625 20 19 18.0 18.0 0.124229213169643 0.14285714285714285 0.14285714285714285 
9 3 1 5.1923828125 1.7158203125 1.9140625 15.37890625 2.69140625 3.005859375 21 19 37.0 18.0 0.12530226934523808 0.14285714285714285 0.14285714285714285 
10 2 1 5.2607421875 2.130859375 1.6220703125 16.599609375 3.861328125 2.35546875 22 20 18.0 18.0 0.13083767361111065 0.14285714285714285 0.14285714285714285 
11 3 1 5.28515625 2.734375 1.0634765625 18.298828125 5.6484375 1.134765625 25 20 25.0 18.0 0.13938918340773682 0.14285714285714285 0.14285714285714285 
12 2 1 5.33203125 2.732421875 1.046875 18.2861328125 5.62890625 1.09375 25 20 18.0 18.0 0.14006076388888758 0.14285714285714285 0.14285714285714285 
13 3 1 5.3203125 2.626953125 1.025390625 18.109375 5.3125 1.05859375 24 21 18.0 18.0 0.14015105716765744 0.14285714285714285 0.14285714285714285 
14 4 0 5.3447265625 2.53125 1.0380859375 17.8798828125 5.017578125 1.083984375 23 21 51.0 51.0 0.1402766152033716 0.16666666666666666 0.16666666666666666 
15 5 1 5.3427734375 2.4892578125 1.048828125 17.8017578125 4.873046875 1.1171875 23 21 51.0 51.0 0.13997279575892724 0.16666666666666666 0.16666666666666666 
16 4 2 5.357421875 2.6220703125 1.0537109375 17.703125 5.31640625 1.134765625 24 21 51.0 51.0 0.1404978918650781 0.16666666666666666 0.16666666666666666 
17 5 1 5.4482421875 3.3583984375 1.0615234375 18.095703125 8.361328125 1.1484375 27 21 51.0 51.0 0.14366203187003854 0.16666666666666666 0.16666666666666666 
18 8 2 5.8349609375 5.9501953125 1.0283203125 21.0283203125 18.5078125 1.064453125 40 22 51.0 51.0 0.15139005146329304 0.16666666666666666 0.16666666666666666 
19 8 2 6.1376953125 7.98828125 1.0361328125 23.1669921875 26.33203125 1.078125 50 24 51.0 51.0 0.1579899863591266 0.16666666666666666 0.16666666666666666 
20 6 1 6.189453125 8.134765625 1.0400390625 23.3134765625 26.671875 1.0859375 51 25 51.0 51.0 0.15835658482142806 0.16666666666666666 0.16666666666666666 
21 4 2 6.1767578125 8.1396484375 1.0361328125 23.2802734375 26.63671875 1.091796875 51 26 51.0 51.0 0.15766485305059477 0.16666666666666666 0.16666666666666666 
22 4 2 6.2255859375 8.1884765625 1.0234375 23.3876953125 26.603515625 1.046875 51 27 51.0 51.0 0.15793340773809475 0.16666666666666666 0.16666666666666666 
23 5 2 6.240234375 8.224609375 1.0537109375 23.39453125 26.4765625 1.119140625 50 28 51.0 51.0 0.1570223369295631 0.16666666666666666 0.16666666666666666 
24 4 2 6.1962890625 8.310546875 1.05859375 23.3720703125 26.646484375 1.130859375 51 29 51.0 51.0 0.1585627480158725 0.16666666666666666 0.16666666666666666 
25 4 2 6.1923828125 8.34765625 1.0576171875 23.251953125 26.669921875 1.125 51 30 51.0 51.0 0.1581081814236106 0.16666666666666666 0.16666666666666666 
26 3 2 6.2822265625 8.34765625 1.072265625 23.697265625 26.5546875 1.158203125 51 31 51.0 51.0 0.15714909276920944 0.16666666666666666 0.16666666666666666 
27 3 2 6.283203125 8.384765625 1.064453125 23.8701171875 26.533203125 1.1484375 51 31 51.0 51.0 0.15800122457837257 0.16666666666666666 0.16666666666666666 
28 3 1 6.2978515625 8.4013671875 1.0625 24.1767578125 26.626953125 1.13671875 51 32 51.0 51.0 0.15795820932539636 0.16666666666666666 0.16666666666666666 
29 3 2 6.3203125 8.48828125 1.0693359375 24.2177734375 26.71875 1.15625 52 33 51.0 51.0 0.1582860905370666 0.16666666666666666 0.16666666666666666 
30 3 1 6.3759765625 8.5146484375 1.1015625 24.3037109375 26.681640625 1.228515625 52 33 51.0 51.0 0.15873523178210636 0.16666666666666666 0.16666666666666666 
31 3 2 6.416015625 8.52734375 1.0986328125 24.3837890625 26.529296875 1.23828125 52 34 51.0 51.0 0.15778769841269794 0.16666666666666666 0.16666666666666666 
32 4 2 6.462890625 8.49609375 1.107421875 24.5439453125 26.287109375 1.251953125 52 35 68.0 68.0 0.15790976872519796 0.2 0.2 
33 3 1 6.427734375 8.5244140625 1.0849609375 24.5576171875 26.251953125 1.201171875 52 35 68.0 68.0 0.15809736595869356 0.2 0.2 
34 3 2 6.4306640625 8.564453125 1.150390625 24.4951171875 26.283203125 1.35546875 52 35 68.0 68.0 0.15838642423115018 0.2 0.2 
35 3 2 6.5751953125 8.6279296875 1.375 25.2587890625 26.564453125 1.94140625 53 36 68.0 68.0 0.16116652715773735 0.2 0.2 
36 3 2 6.94921875 8.7236328125 2.2568359375 26.599609375 26.4765625 4.224609375 57 37 72.0 68.0 0.1660268632192452 0.2 0.2 
37 3 3 7.7587890625 8.76171875 4.4345703125 29.2626953125 26.146484375 9.7578125 65 37 68.0 68.0 0.18012543825531918 0.2 0.2 
38 4 3 7.974609375 8.7978515625 5.103515625 30.171875 26.259765625 11.38671875 67 38 68.0 68.0 0.18500085255456145 0.2 0.2 
39 5 3 7.994140625 8.7705078125 5.08203125 30.107421875 26.138671875 11.35546875 67 39 68.0 68.0 0.1851062593005932 0.2 0.2 
40 3 3 7.9736328125 8.7802734375 5.11328125 30.2060546875 26.0390625 11.36328125 67 39 68.0 68.0 0.18677339099702156 0.2 0.2 
41 3 3 7.9736328125 8.6923828125 5.1201171875 30.25 25.787109375 11.396484375 67 40 68.0 68.0 0.1846606410082952 0.2 0.2 
42 3 3 7.9560546875 8.6787109375 5.1455078125 30.263671875 25.73828125 11.51171875 67 41 60.0 68.0 0.18422929067460111 0.2 0.2 
43 3 3 7.96875 8.630859375 5.140625 30.486328125 25.533203125 11.47265625 67 41 68.0 68.0 0.18493888381583481 0.2 0.2 
44 4 4 8.0244140625 8.6181640625 5.13671875 30.802734375 25.53125 11.361328125 67 42 68.0 68.0 0.18594137524801377 0.2 0.2 
45 4 4 8.037109375 8.666015625 5.115234375 30.962890625 25.544921875 11.240234375 67 42 62.0 68.0 0.18633471292162485 0.2 0.2 
46 4 4 7.9599609375 8.6103515625 5.1611328125 30.404296875 25.3203125 11.3984375 67 43 68.0 68.0 0.1860204303075376 0.2 0.2 
47 4 4 7.958984375 8.6630859375 5.1259765625 30.505859375 25.439453125 11.296875 67 43 67.0 68.0 0.18492954799106928 0.2 0.2 
48 4 3 8.0 8.6181640625 5.12109375 30.7607421875 25.103515625 11.255859375 67 44 66.0 68.0 0.18475051153273603 0.2 0.2 
49 4 2 7.95703125 8.6357421875 5.1083984375 30.708984375 25.109375 11.1484375 66 44 77.0 68.0 0.18690243675595017 0.2 0.2 
50 3 4 7.9794921875 8.630859375 5.189453125 30.822265625 25.05859375 11.28515625 67 45 68.0 68.0 0.1851826016865059 0.2 0.2 
