0 64 31 3.193359375 2.0166015625 1.8896484375 9.3798828125 3.515625 3.111328125 16 16 20.0 20.0 0.11119101167929495 0.125 0.125 
1 20 1 3.521484375 2.1318359375 1.91015625 10.1806640625 3.876953125 3.166015625 17 16 22.0 20.0 0.11325954861111295 0.125 0.125 
2 21 2 4.517578125 2.3857421875 2.052734375 14.146484375 4.888671875 3.552734375 22 18 17.0 20.0 0.12003038194444518 0.125 0.125 
3 16 1 5.0751953125 2.61328125 2.1015625 16.263671875 5.642578125 3.64453125 25 20 28.0 20.0 0.12358940972222238 0.125 0.125 
4 10 1 5.1298828125 2.5693359375 2.1103515625 16.357421875 5.376953125 3.669921875 25 21 27.0 20.0 0.12386610243055574 0.125 0.125 
5 13 1 5.1669921875 2.642578125 2.0986328125 16.3349609375 5.423828125 3.650390625 25 22 22.0 20.0 0.12365722656250017 0.125 0.125 
6 7 1 5.1806640625 2.6123046875 2.1162109375 16.33203125 5.265625 3.70703125 25 22 24.0 20.0 0.12377929687500018 0.125 0.125 
7 3 1 5.1806640625 2.849609375 2.01953125 15.984375 6.029296875 3.439453125 25 22 48.0 20.0 0.12352430555555577 0.125 0.125 
8 3 1 5.298828125 2.8583984375 2.0458984375 16.419921875 6.095703125 3.474609375 25 23 36.0 36.0 0.12366923983134936 0.14285714285714285 0.14285714285714285 
9 4 1 5.3203125 2.8671875 1.9755859375 16.5068359375 6.140625 3.337890625 25 23 36.0 36.0 0.1236479259672621 0.14285714285714285 0.14285714285714285 
10 3 1 5.3662109375 2.7919921875 2.09375 16.583984375 5.873046875 3.833984375 26 23 36.0 36.0 0.12446134052579375 0.14285714285714285 0.14285714285714285 
11 4 1 5.3623046875 2.49609375 2.650390625 16.7177734375 5.126953125 6.236328125 28 24 36.0 36.0 0.12709457155257925 0.14285714285714285 0.14285714285714285 
12 5 1 5.3623046875 1.4326171875 4.609375 18.1171875 2.08984375 13.8984375 34 24 40.0 36.0 0.13605220734126905 0.14285714285714285 0.14285714285714285 
13 6 1 5.34765625 1.1025390625 5.4306640625 18.828125 1.244140625 16.8359375 36 25 36.0 36.0 0.13945738777281622 0.14285714285714285 0.14285714285714285 
14 8 2 5.419921875 1.166015625 5.4384765625 18.9853515625 1.41015625 16.703125 37 26 36.0 36.0 0.139163643973213 0.14285714285714285 0.14285714285714285 
15 6 1 5.4912109375 1.2216796875 5.517578125 19.373046875 1.51953125 16.8125 37 27 36.0 36.0 0.14001542348710183 0.14285714285714285 0.14285714285714285 
16 7 1 5.5107421875 1.2568359375 5.52734375 19.3427734375 1.646484375 16.681640625 37 27 44.0 36.0 0.13972671750991936 0.14285714285714285 0.14285714285714285 
17 8 1 5.5361328125 1.2783203125 5.61328125 19.3369140625 1.666015625 16.716796875 37 28 38.0 36.0 0.139349655877975 0.14285714285714285 0.14285714285714285 
18 5 2 5.6611328125 1.3388671875 5.6513671875 19.6240234375 1.80078125 16.6953125 38 28 36.0 36.0 0.13977515811011776 0.14285714285714285 0.14285714285714285 
19 4 1 5.7001953125 1.3525390625 5.7119140625 19.67578125 1.83203125 16.73828125 38 29 36.0 36.0 0.1396445622519828 0.14285714285714285 0.14285714285714285 
20 5 1 5.70703125 1.408203125 5.748046875 19.791015625 1.955078125 16.724609375 38 29 36.0 36.0 0.13922022259424482 0.14285714285714285 0.14285714285714285 
21 4 2 5.71484375 1.4384765625 5.744140625 19.8525390625 2.029296875 16.642578125 38 30 36.0 36.0 0.13917875744047498 0.14285714285714285 0.14285714285714285 
22 4 2 5.75 1.484375 5.7783203125 20.1064453125 2.138671875 16.685546875 38 30 51.0 36.0 0.1395503937251972 0.14285714285714285 0.14285714285714285 
23 2 2 5.80859375 1.4794921875 5.818359375 20.3896484375 2.140625 16.65625 39 30 36.0 36.0 0.13962673611110982 0.14285714285714285 0.14285714285714285 
24 4 1 5.931640625 1.4560546875 5.83984375 20.7333984375 2.095703125 16.6328125 39 31 67.0 36.0 0.1395069909474194 0.14285714285714285 0.14285714285714285 
25 2 1 5.95703125 1.478515625 5.859375 20.896484375 2.14453125 16.607421875 39 31 41.0 36.0 0.1394430493551575 0.14285714285714285 0.14285714285714285 
26 3 1 6.0439453125 1.5078125 5.8984375 21.3984375 2.197265625 16.58984375 40 31 62.0 36.0 0.1401231553819431 0.14285714285714285 0.14285714285714285 
27 2 1 6.0322265625 1.564453125 5.9501953125 21.4931640625 2.322265625 16.529296875 40 32 36.0 36.0 0.13977244543650666 0.14285714285714285 0.14285714285714285 
28 3 1 6.076171875 1.65625 5.99609375 21.60546875 2.572265625 16.53125 40 32 64.0 36.0 0.13996155753968118 0.14285714285714285 0.14285714285714285 
29 2 1 6.130859375 1.63671875 6.029296875 21.6357421875 2.48828125 16.57421875 40 32 36.0 36.0 0.14013090587797483 0.14285714285714285 0.14285714285714285 
30 3 1 6.173828125 1.5859375 6.0625 21.8564453125 2.31640625 16.478515625 40 33 44.0 36.0 0.1399727957589272 0.14285714285714285 0.14285714285714285 
31 2 1 6.2734375 1.666015625 6.064453125 22.185546875 2.5234375 16.390625 41 33 47.0 36.0 0.1399220300099193 0.14285714285714285 0.14285714285714285 
32 2 1 6.3681640625 1.65625 6.08984375 22.2578125 2.5 16.306640625 41 33 36.0 36.0 0.13936244419642732 0.14285714285714285 0.14285714285714285 
33 3 2 6.4736328125 1.7236328125 6.12890625 22.7255859375 2.6640625 16.271484375 41 33 30.0 36.0 0.13949304005456228 0.14285714285714285 0.14285714285714285 
34 3 2 6.484375 1.76171875 6.126953125 22.6650390625 2.779296875 16.28125 41 33 36.0 36.0 0.13946126302083203 0.14285714285714285 0.14285714285714285 
35 3 2 6.5029296875 1.8271484375 6.1123046875 22.8037109375 2.955078125 16.197265625 41 34 42.0 36.0 0.13949614025297497 0.14285714285714285 0.14285714285714285 
36 3 2 6.5703125 1.84765625 6.1357421875 22.98828125 2.962890625 16.26953125 42 34 36.0 36.0 0.14034791976686373 0.16666666666666666 0.16666666666666666 
37 3 2 6.6591796875 1.798828125 6.150390625 23.392578125 2.8671875 16.259765625 42 34 36.0 36.0 0.13965037512400671 0.16666666666666666 0.16666666666666666 
38 3 1 6.6865234375 1.7626953125 6.201171875 23.7529296875 2.7421875 16.29296875 42 34 36.0 36.0 0.1400809151785702 0.16666666666666666 0.16666666666666666 
39 2 1 6.5615234375 1.7255859375 6.21484375 23.3310546875 2.70703125 16.220703125 42 35 36.0 36.0 0.1416325644841259 0.16666666666666666 0.16666666666666666 
40 2 1 6.0205078125 1.462890625 6.533203125 21.3056640625 2.095703125 16.484375 39 35 36.0 36.0 0.14917805989583258 0.16666666666666666 0.16666666666666666 
41 2 1 5.1904296875 1.0771484375 6.927734375 18.4951171875 1.185546875 16.751953125 36 35 36.0 36.0 0.1574455140128963 0.16666666666666666 0.16666666666666666 
42 3 1 5.1455078125 1.04296875 6.9375 18.26953125 1.09375 16.796875 36 35 36.0 36.0 0.15864490327380915 0.16666666666666666 0.16666666666666666 
43 2 0 5.177734375 1.05859375 6.9384765625 18.3037109375 1.14453125 16.748046875 36 35 36.0 36.0 0.15817367311507874 0.16666666666666666 0.16666666666666666 
44 2 1 5.1611328125 1.0595703125 6.966796875 18.2431640625 1.14453125 16.80859375 36 35 36.0 36.0 0.1587723989335311 0.16666666666666666 0.16666666666666666 
45 2 0 5.205078125 1.0751953125 6.9951171875 18.400390625 1.201171875 16.857421875 36 35 36.0 36.0 0.15832093253968205 0.16666666666666666 0.16666666666666666 
46 2 1 5.205078125 1.0947265625 6.9775390625 18.416015625 1.212890625 16.833984375 36 35 36.0 36.0 0.15878518725198348 0.16666666666666666 0.16666666666666666 
47 2 1 5.232421875 1.0771484375 6.97265625 18.4990234375 1.177734375 16.8046875 36 35 34.0 36.0 0.15917852492559462 0.16666666666666666 0.16666666666666666 
48 2 1 5.2568359375 1.078125 6.9765625 18.62890625 1.173828125 16.796875 36 35 36.0 36.0 0.15851314484126927 0.16666666666666666 0.16666666666666666 
49 2 1 5.2314453125 1.0927734375 6.982421875 18.5146484375 1.203125 16.853515625 36 35 36.0 36.0 0.1593432229662693 0.16666666666666666 0.16666666666666666 
50 3 0 5.2998046875 1.1123046875 6.9306640625 18.7421875 1.244140625 16.7421875 36 35 36.0 36.0 0.15907664113230469 0.16666666666666666 0.16666666666666666 
