0 70 30 3.212890625 2.01953125 1.94140625 9.53125 3.443359375 3.189453125 16 16 34.0 34.0 0.11103984177714854 0.125 0.125 
1 18 1 3.2998046875 2.0048828125 2.0263671875 9.9296875 3.43359375 3.419921875 16 16 34.0 34.0 0.11215936569940675 0.14285714285714285 0.14285714285714285 
2 18 1 4.0302734375 1.8466796875 2.2470703125 12.83203125 3.08203125 4.1328125 20 17 34.0 34.0 0.11704450334821556 0.14285714285714285 0.14285714285714285 
3 17 1 4.9970703125 1.4775390625 2.7109375 16.234375 2.109375 5.5 23 19 34.0 34.0 0.12376224578373038 0.14285714285714285 0.14285714285714285 
4 10 1 5.0498046875 1.8583984375 2.814453125 16.2587890625 2.876953125 5.5859375 24 20 32.0 34.0 0.1261381603422619 0.14285714285714285 0.14285714285714285 
5 13 1 5.203125 3.0478515625 3.4150390625 17.619140625 5.22265625 6.435546875 29 21 34.0 34.0 0.13330194382440402 0.14285714285714285 0.14285714285714285 
6 7 1 5.2998046875 4.087890625 3.8916015625 18.767578125 7.26171875 7.115234375 33 23 46.0 34.0 0.13991660466269706 0.14285714285714285 0.14285714285714285 
7 4 1 5.3505859375 4.1005859375 3.8916015625 18.873046875 7.318359375 7.0625 33 24 34.0 34.0 0.13961317274305418 0.14285714285714285 0.14285714285714285 
8 4 1 5.2841796875 4.1572265625 3.8974609375 18.5869140625 7.462890625 7.033203125 33 25 46.0 34.0 0.14026072668650658 0.14285714285714285 0.14285714285714285 
9 5 1 5.3359375 4.046875 3.8740234375 18.734375 7.3125 7.001953125 33 26 18.0 34.0 0.1395267547123003 0.14285714285714285 0.14285714285714285 
10 4 1 5.3681640625 4.0556640625 3.8740234375 18.92578125 7.400390625 7.041015625 33 26 32.0 34.0 0.13963254898313357 0.14285714285714285 0.14285714285714285 
11 4 1 5.3974609375 4.005859375 3.8232421875 18.9814453125 7.28515625 6.908203125 33 27 34.0 34.0 0.13951861669146695 0.14285714285714285 0.14285714285714285 
12 7 1 5.45703125 3.9814453125 3.8603515625 19.1630859375 7.271484375 7.033203125 33 27 28.0 34.0 0.13992358010912567 0.14285714285714285 0.14285714285714285 
13 6 1 5.5107421875 3.98828125 3.8876953125 19.279296875 7.3125 7.087890625 33 28 34.0 34.0 0.13989877852182403 0.14285714285714285 0.14285714285714285 
14 6 1 5.5546875 3.9072265625 3.89453125 19.32421875 7.162109375 7.111328125 33 28 36.0 34.0 0.13973640562995895 0.14285714285714285 0.14285714285714285 
15 6 2 5.501953125 3.8564453125 3.8662109375 19.18359375 7.064453125 7.091796875 33 28 32.0 34.0 0.14012470548114944 0.14285714285714285 0.14285714285714285 
16 6 0 5.5810546875 3.8330078125 3.8408203125 19.375 7.07421875 7.123046875 33 29 34.0 34.0 0.13983716207837163 0.14285714285714285 0.14285714285714285 
17 7 1 5.6865234375 3.810546875 3.837890625 19.6083984375 7.1328125 7.189453125 33 29 36.0 34.0 0.14000689794146684 0.14285714285714285 0.14285714285714285 
18 6 1 5.7392578125 3.78125 3.8544921875 19.65234375 7.041015625 7.21875 33 29 34.0 34.0 0.14028204055059385 0.14285714285714285 0.14285714285714285 
19 4 1 5.724609375 3.7041015625 3.8525390625 19.6494140625 6.81640625 7.216796875 33 29 32.0 34.0 0.13982282366071297 0.14285714285714285 0.14285714285714285 
20 3 1 5.7705078125 3.65625 3.8271484375 19.8447265625 6.6796875 7.125 33 30 34.0 34.0 0.14020027281745895 0.14285714285714285 0.14285714285714285 
21 4 1 5.8154296875 3.6005859375 3.8203125 19.96484375 6.529296875 7.09765625 33 30 26.0 34.0 0.1392384362599193 0.14285714285714285 0.14285714285714285 
22 4 1 5.7900390625 3.568359375 3.767578125 19.716796875 6.505859375 6.96875 33 30 32.0 34.0 0.13956201946924476 0.14285714285714285 0.14285714285714285 
23 4 1 5.79296875 3.5400390625 3.7509765625 19.6240234375 6.41796875 6.955078125 32 30 32.0 34.0 0.139603097098213 0.14285714285714285 0.14285714285714285 
24 3 1 5.8017578125 3.3720703125 3.7333984375 19.498046875 6.1015625 6.94921875 32 30 34.0 34.0 0.1398918030753955 0.14285714285714285 0.14285714285714285 
25 4 2 5.8720703125 3.255859375 3.720703125 19.7880859375 5.87109375 6.998046875 32 30 42.0 34.0 0.1396445622519828 0.14285714285714285 0.14285714285714285 
26 3 1 5.849609375 3.18359375 3.7109375 19.89453125 5.73828125 6.97265625 32 30 24.0 34.0 0.13972439236110978 0.14285714285714285 0.14285714285714285 
27 3 0 5.8994140625 3.1318359375 3.65234375 19.927734375 5.685546875 6.875 32 30 34.0 34.0 0.13958643353174466 0.14285714285714285 0.14285714285714285 
28 2 1 5.890625 3.12890625 3.6494140625 19.8681640625 5.705078125 6.884765625 32 30 34.0 34.0 0.14002976190476057 0.14285714285714285 0.14285714285714285 
29 2 1 5.794921875 3.1787109375 3.60546875 19.4404296875 5.828125 6.75390625 32 30 34.0 34.0 0.14050099206349068 0.14285714285714285 0.14285714285714285 
30 2 0 5.8232421875 3.0849609375 3.58984375 19.5146484375 5.6015625 6.681640625 31 30 34.0 34.0 0.139596509176586 0.14285714285714285 0.14285714285714285 
31 3 1 5.77734375 3.080078125 3.5673828125 19.216796875 5.595703125 6.525390625 31 30 24.0 34.0 0.13971857948908595 0.14285714285714285 0.14285714285714285 
32 2 0 5.7861328125 3.0283203125 3.546875 18.88671875 5.513671875 6.521484375 30 30 34.0 34.0 0.14008711557539544 0.14285714285714285 0.14285714285714285 
33 3 1 5.810546875 2.896484375 3.5146484375 18.884765625 5.1796875 6.478515625 30 30 34.0 34.0 0.13991815476190342 0.14285714285714285 0.14285714285714285 
34 2 1 5.90234375 2.9443359375 3.560546875 19.5048828125 5.2890625 6.642578125 31 30 34.0 34.0 0.13976546999007802 0.14285714285714285 0.14285714285714285 
35 2 1 5.82421875 2.935546875 3.5498046875 19.0283203125 5.26953125 6.599609375 30 30 34.0 34.0 0.14019562251983994 0.14285714285714285 0.14285714285714285 
36 2 0 5.908203125 2.9111328125 3.5126953125 19.3896484375 5.306640625 6.49609375 31 30 36.0 34.0 0.13992823040674468 0.14285714285714285 0.14285714285714285 
37 2 1 5.931640625 2.8017578125 3.505859375 19.2470703125 5.037109375 6.5546875 30 30 18.0 34.0 0.14020066034226059 0.14285714285714285 0.14285714285714285 
38 2 0 5.9033203125 2.8056640625 3.4970703125 18.859375 5.17578125 6.501953125 30 30 18.0 34.0 0.13945545014880822 0.14285714285714285 0.14285714285714285 
39 2 1 5.830078125 2.751953125 3.4140625 18.455078125 5.0234375 6.251953125 29 30 44.0 34.0 0.13962092323908606 0.14285714285714285 0.14285714285714285 
40 1 0 5.771484375 2.6875 3.380859375 18.212890625 4.771484375 6.134765625 29 30 44.0 34.0 0.13986161137039907 0.14285714285714285 0.14285714285714285 
41 2 0 5.806640625 2.6884765625 3.380859375 18.2802734375 4.71875 6.181640625 29 30 18.0 34.0 0.14004758804563355 0.14285714285714285 0.14285714285714285 
42 2 1 5.810546875 2.7177734375 3.3427734375 18.27734375 4.794921875 6.107421875 29 30 18.0 34.0 0.13994760664682404 0.14285714285714285 0.14285714285714285 
43 1 0 5.8720703125 2.5771484375 3.306640625 18.2978515625 4.484375 6.095703125 28 30 38.0 34.0 0.14017353360614948 0.14285714285714285 0.14285714285714285 
44 2 1 5.888671875 2.5224609375 3.29296875 18.0712890625 4.357421875 6.08984375 28 30 18.0 34.0 0.13992203000991926 0.14285714285714285 0.14285714285714285 
45 2 1 5.888671875 2.6025390625 3.2783203125 18.080078125 4.529296875 6.052734375 28 30 30.0 34.0 0.14014408172122875 0.14285714285714285 0.14285714285714285 
46 2 0 5.9013671875 2.6103515625 3.2705078125 17.998046875 4.580078125 6.05859375 28 30 26.0 34.0 0.1398604487959943 0.14285714285714285 0.14285714285714285 
47 2 0 5.8759765625 2.673828125 3.3056640625 17.9853515625 4.724609375 6.115234375 28 30 36.0 34.0 0.14001658606150658 0.14285714285714285 0.14285714285714285 
48 2 1 5.9033203125 2.5849609375 3.31640625 18.2392578125 4.509765625 6.1484375 28 30 38.0 34.0 0.14063433582476415 0.14285714285714285 0.14285714285714285 
49 2 1 5.9775390625 2.6513671875 3.380859375 18.6533203125 4.705078125 6.30078125 29 30 32.0 34.0 0.14005611359126846 0.14285714285714285 0.14285714285714285 
50 2 1 6.0068359375 2.5703125 3.37890625 18.787109375 4.5546875 6.2890625 29 30 36.0 34.0 0.14013478112599073 0.14285714285714285 0.14285714285714285 
