0 68 27 3.326171875 2.01171875 1.8388671875 10.0791015625 3.45703125 2.953125 16 16 21.0 21.0 0.111163814484129 0.14285714285714285 0.14285714285714285 
1 19 1 3.51171875 2.123046875 1.876953125 10.552734375 3.75390625 3.048828125 17 16 21.0 21.0 0.1125620039682559 0.14285714285714285 0.14285714285714285 
2 18 1 4.2998046875 2.1865234375 1.8916015625 13.7158203125 3.7421875 3.107421875 20 18 21.0 21.0 0.11780211433531856 0.14285714285714285 0.14285714285714285 
3 18 1 5.119140625 2.27734375 2.0029296875 16.693359375 3.80078125 3.314453125 23 19 21.0 21.0 0.12446095300099219 0.14285714285714285 0.14285714285714285 
4 10 1 5.1943359375 1.85546875 2.3134765625 16.30078125 2.869140625 3.83984375 23 20 21.0 21.0 0.12941158234126954 0.14285714285714285 0.14285714285714285 
5 12 0 5.1376953125 1.171875 2.8369140625 15.14453125 1.380859375 4.697265625 21 20 21.0 21.0 0.13916209387400671 0.14285714285714285 0.14285714285714285 
6 15 0 5.1494140625 1.1240234375 2.8935546875 15.0517578125 1.267578125 4.8046875 21 20 21.0 21.0 0.14011734250991936 0.14285714285714285 0.14285714285714285 
7 12 0 5.1767578125 1.13671875 2.8564453125 15.1142578125 1.28515625 4.72265625 21 20 21.0 21.0 0.1402839781746018 0.14285714285714285 0.14285714285714285 
8 4 0 5.1982421875 1.1689453125 2.8505859375 15.15625 1.375 4.728515625 21 20 21.0 21.0 0.1403595455109113 0.14285714285714285 0.14285714285714285 
9 3 1 5.2333984375 1.1953125 2.8193359375 15.1689453125 1.435546875 4.669921875 21 20 21.0 21.0 0.1396879650297606 0.14285714285714285 0.14285714285714285 
10 2 1 5.2236328125 1.2587890625 2.79296875 15.16796875 1.56640625 4.619140625 21 20 21.0 21.0 0.14006386408730026 0.14285714285714285 0.14285714285714285 
11 2 1 5.203125 1.28515625 2.80078125 15.0751953125 1.619140625 4.677734375 21 20 21.0 21.0 0.1399979848710304 0.14285714285714285 0.14285714285714285 
12 3 0 5.21875 1.3173828125 2.685546875 15.08203125 1.705078125 4.392578125 21 20 23.0 21.0 0.14041961185515733 0.14285714285714285 0.14285714285714285 
13 3 0 5.2373046875 1.37890625 2.6865234375 15.0908203125 1.826171875 4.439453125 21 20 23.0 21.0 0.13997977120535582 0.14285714285714285 0.14285714285714285 
14 4 0 5.2900390625 1.416015625 2.6826171875 15.0693359375 1.927734375 4.408203125 21 20 21.0 21.0 0.13981391059027648 0.14285714285714285 0.14285714285714285 
15 6 1 5.28515625 1.498046875 2.5927734375 15.1796875 2.126953125 4.236328125 21 20 27.0 21.0 0.13988870287698285 0.14285714285714285 0.14285714285714285 
16 5 1 5.302734375 1.580078125 2.6142578125 15.1982421875 2.2890625 4.28125 21 21 21.0 21.0 0.14005223834325267 0.14285714285714285 0.14285714285714285 
17 5 0 5.2783203125 1.732421875 2.640625 15.1396484375 2.646484375 4.33984375 22 21 21.0 21.0 0.1405463324652764 0.14285714285714285 0.14285714285714285 
18 4 1 5.345703125 1.7958984375 2.5966796875 15.369140625 2.794921875 4.259765625 22 21 19.0 21.0 0.14034791976686373 0.14285714285714285 0.14285714285714285 
19 5 1 5.3564453125 1.8974609375 2.583984375 15.244140625 3.060546875 4.283203125 22 21 19.0 21.0 0.14038357204860968 0.14285714285714285 0.14285714285714285 
20 4 1 5.408203125 1.8330078125 2.564453125 15.4296875 2.888671875 4.21484375 22 21 23.0 21.0 0.14006115141368913 0.14285714285714285 0.14285714285714285 
21 5 1 5.3798828125 1.8984375 2.5439453125 15.4189453125 3.044921875 4.171875 22 21 17.0 21.0 0.1399514818948399 0.14285714285714285 0.14285714285714285 
22 3 1 5.408203125 1.9306640625 2.59375 15.447265625 3.10546875 4.2734375 22 21 23.0 21.0 0.1397685701884908 0.14285714285714285 0.14285714285714285 
23 3 0 5.33984375 1.90625 2.6484375 15.1103515625 3.041015625 4.392578125 22 21 19.0 21.0 0.14081101190476047 0.14285714285714285 0.14285714285714285 
24 4 0 5.3837890625 1.978515625 2.5595703125 15.251953125 3.2421875 4.19140625 22 21 21.0 21.0 0.14021809895833193 0.14285714285714285 0.14285714285714285 
25 3 1 5.37890625 2.0380859375 2.5517578125 15.1826171875 3.400390625 4.177734375 22 21 29.0 21.0 0.14007471478174469 0.14285714285714285 0.14285714285714285 
26 3 1 5.3681640625 2.015625 2.5908203125 15.2587890625 3.349609375 4.255859375 22 21 21.0 21.0 0.1401239304315463 0.14285714285714285 0.14285714285714285 
27 3 1 5.3974609375 2.00390625 2.5458984375 15.2744140625 3.298828125 4.13671875 22 21 23.0 21.0 0.1399855840773796 0.14285714285714285 0.14285714285714285 
28 4 0 5.3935546875 1.943359375 2.5126953125 15.33984375 3.150390625 4.078125 22 21 27.0 21.0 0.14005921378968125 0.14285714285714285 0.14285714285714285 
29 4 0 5.4150390625 1.974609375 2.5 15.3798828125 3.265625 4.06640625 22 21 21.0 21.0 0.14010959201388762 0.14285714285714285 0.14285714285714285 
30 4 0 5.4228515625 1.93359375 2.4794921875 15.20703125 3.162109375 4.05859375 22 21 21.0 21.0 0.14003286210317326 0.14285714285714285 0.14285714285714285 
31 2 0 5.4267578125 1.92578125 2.4775390625 15.279296875 3.126953125 4.130859375 22 21 43.0 21.0 0.14009215339781614 0.14285714285714285 0.14285714285714285 
32 2 0 5.4345703125 1.9697265625 2.453125 15.3935546875 3.259765625 4.1015625 22 21 17.0 21.0 0.14070831783233984 0.14285714285714285 0.14285714285714285 
33 1 1 5.455078125 1.9814453125 2.4052734375 15.2880859375 3.279296875 4.0 22 21 19.0 21.0 0.14046882750495895 0.14285714285714285 0.14285714285714285 
34 2 0 5.4619140625 1.9833984375 2.3876953125 15.29296875 3.294921875 3.939453125 22 21 19.0 21.0 0.13991854228670506 0.14285714285714285 0.14285714285714285 
35 2 0 5.4482421875 1.994140625 2.4140625 15.404296875 3.3984375 4.0390625 22 21 21.0 21.0 0.14017818390376846 0.14285714285714285 0.14285714285714285 
36 1 1 5.44140625 1.96484375 2.43359375 15.3798828125 3.3984375 4.126953125 22 21 17.0 21.0 0.14025568886408596 0.14285714285714285 0.14285714285714285 
37 3 0 5.4814453125 1.94140625 2.4609375 15.3935546875 3.30859375 4.166015625 22 21 35.0 21.0 0.14042232452876838 0.14285714285714285 0.14285714285714285 
38 2 1 5.5224609375 1.953125 2.4384765625 15.3701171875 3.373046875 4.17578125 22 21 19.0 21.0 0.14012509300595105 0.14285714285714285 0.14285714285714285 
39 2 0 5.498046875 1.9462890625 2.4833984375 15.3310546875 3.365234375 4.296875 22 21 21.0 21.0 0.14008789062499866 0.14285714285714285 0.14285714285714285 
40 2 1 5.5361328125 1.9443359375 2.5361328125 15.4482421875 3.375 4.44921875 23 21 17.0 21.0 0.1400995163690463 0.14285714285714285 0.14285714285714285 
41 2 0 5.4970703125 2.029296875 2.60546875 15.2587890625 3.615234375 4.736328125 23 22 21.0 21.0 0.14011424231150657 0.14285714285714285 0.14285714285714285 
42 2 1 5.5361328125 2.0361328125 2.5830078125 15.328125 3.681640625 4.69921875 23 22 35.0 21.0 0.14044286334325262 0.14285714285714285 0.14285714285714285 
43 2 0 5.5576171875 2.0458984375 2.5341796875 15.498046875 3.73828125 4.62109375 23 22 19.0 21.0 0.14019872271825262 0.14285714285714285 0.14285714285714285 
44 3 0 5.5693359375 2.123046875 2.435546875 15.810546875 3.984375 4.392578125 24 22 37.0 21.0 0.14041961185515733 0.14285714285714285 0.14285714285714285 
45 2 1 5.646484375 2.1142578125 2.435546875 16.0830078125 3.982421875 4.41796875 24 22 63.0 21.0 0.14057462177579222 0.14285714285714285 0.14285714285714285 
46 2 0 5.6142578125 2.201171875 2.46875 15.7412109375 4.28125 4.498046875 24 22 25.0 21.0 0.14051649305555414 0.14285714285714285 0.14285714285714285 
47 1 1 5.599609375 2.134765625 2.49609375 15.7275390625 4.0859375 4.583984375 24 22 21.0 21.0 0.14081643725198267 0.14285714285714285 0.14285714285714285 
48 1 1 5.568359375 2.103515625 2.4287109375 15.53515625 3.95703125 4.435546875 23 22 17.0 21.0 0.14069475446428428 0.14285714285714285 0.14285714285714285 
49 2 0 5.5380859375 2.1533203125 2.515625 15.4052734375 4.056640625 4.671875 24 22 21.0 21.0 0.1405552455357129 0.14285714285714285 0.14285714285714285 
50 2 0 5.611328125 2.287109375 2.4619140625 15.8037109375 4.39453125 4.513671875 24 22 17.0 21.0 0.14039054749503832 0.14285714285714285 0.14285714285714285 
