0 66 27 3.2314453125 2.052734375 1.88671875 9.7705078125 3.583984375 3.09765625 16 16 15.0 15.0 0.11118280319940678 0.14285714285714285 0.14285714285714285 
1 18 2 3.4423828125 2.1748046875 1.8017578125 10.19140625 3.916015625 2.859375 16 16 15.0 15.0 0.11326226128472407 0.14285714285714285 0.14285714285714285 
2 17 0 4.1435546875 2.3583984375 1.7080078125 12.439453125 4.466796875 2.720703125 19 17 15.0 15.0 0.12008502294146907 0.14285714285714285 0.14285714285714285 
3 14 1 4.861328125 2.1826171875 1.791015625 14.12109375 4.017578125 3.037109375 21 18 15.0 15.0 0.12799595424107127 0.14285714285714285 0.14285714285714285 
4 9 1 5.1123046875 1.4296875 2.12890625 13.615234375 2.03125 4.26171875 19 18 15.0 15.0 0.1382165333581338 0.14285714285714285 0.14285714285714285 
5 12 0 5.146484375 1.2685546875 2.3720703125 13.4619140625 1.599609375 5.017578125 20 19 15.0 15.0 0.14040721106150658 0.14285714285714285 0.14285714285714285 
6 13 0 5.14453125 1.30859375 2.275390625 13.3466796875 1.6796875 4.705078125 19 19 27.0 15.0 0.14050874255952245 0.14285714285714285 0.14285714285714285 
7 3 0 5.109375 1.3349609375 2.263671875 13.265625 1.7421875 4.63671875 19 19 15.0 15.0 0.14000147259424472 0.14285714285714285 0.14285714285714285 
8 2 0 5.107421875 1.3798828125 2.2626953125 13.359375 1.865234375 4.6640625 19 19 27.0 15.0 0.14064243861607006 0.14285714285714285 0.14285714285714285 
9 3 0 5.1123046875 1.3828125 2.2626953125 13.31640625 1.8671875 4.62890625 19 19 17.0 15.0 0.14048316592261767 0.14285714285714285 0.14285714285714285 
10 3 1 5.1064453125 1.388671875 2.3017578125 13.3310546875 1.890625 4.75390625 19 19 27.0 15.0 0.14069746713789544 0.14285714285714285 0.14285714285714285 
11 3 1 5.1259765625 1.42578125 2.2919921875 13.37109375 1.990234375 4.728515625 20 19 25.0 15.0 0.14063856336805416 0.14285714285714285 0.14285714285714285 
12 2 1 5.1416015625 1.4443359375 2.1806640625 13.412109375 2.009765625 4.427734375 19 19 27.0 15.0 0.1405347067212288 0.14285714285714285 0.14285714285714285 
13 2 0 5.130859375 1.4560546875 2.099609375 13.390625 2.044921875 4.19921875 19 19 37.0 15.0 0.14064515128968116 0.14285714285714285 0.14285714285714285 
14 3 0 5.15625 1.4619140625 2.1982421875 13.4931640625 2.068359375 4.5234375 20 19 15.0 15.0 0.14028746589781607 0.14285714285714285 0.14285714285714285 
15 4 1 5.1513671875 1.42578125 2.330078125 13.41796875 1.966796875 4.833984375 20 19 29.0 15.0 0.14013943142360974 0.14285714285714285 0.14285714285714285 
16 5 1 5.1396484375 1.4443359375 2.36328125 13.4150390625 2.041015625 4.90625 20 19 25.0 15.0 0.14034598214285582 0.14285714285714285 0.14285714285714285 
17 6 0 5.1298828125 1.4599609375 2.2900390625 13.333984375 2.05078125 4.677734375 20 19 15.0 15.0 0.14040062313987958 0.14285714285714285 0.14285714285714285 
18 4 0 5.134765625 1.5087890625 2.3583984375 13.4091796875 2.166015625 4.890625 20 19 27.0 15.0 0.1406529017857129 0.14285714285714285 0.14285714285714285 
19 6 0 5.16015625 1.5390625 2.3291015625 13.43359375 2.248046875 4.755859375 20 19 15.0 15.0 0.14048084077380818 0.14285714285714285 0.14285714285714285 
20 4 0 5.177734375 1.548828125 2.255859375 13.4228515625 2.26953125 4.4921875 20 19 27.0 15.0 0.1405540829613082 0.14285714285714285 0.14285714285714285 
21 3 0 5.1572265625 1.6025390625 2.21875 13.4140625 2.380859375 4.396484375 20 19 15.0 15.0 0.14008831337932767 0.14285714285714285 0.14285714285714285 
22 4 0 5.1708984375 1.6640625 2.0888671875 13.5078125 2.5546875 4.03125 20 19 15.0 15.0 0.14051455543154628 0.14285714285714285 0.14285714285714285 
23 3 1 5.17578125 1.6806640625 2.0595703125 13.5263671875 2.56640625 4.01171875 20 19 17.0 15.0 0.14065793960813353 0.14285714285714285 0.14285714285714285 
24 4 0 5.173828125 1.705078125 2.044921875 13.5380859375 2.595703125 3.9609375 20 19 27.0 15.0 0.14074590773809384 0.14285714285714285 0.14285714285714285 
25 3 0 5.1875 1.794921875 2.0107421875 13.6005859375 2.798828125 3.841796875 20 19 15.0 15.0 0.14086875310019698 0.14285714285714285 0.14285714285714285 
26 3 1 5.2001953125 1.904296875 1.97265625 13.576171875 3.03515625 3.677734375 20 19 15.0 15.0 0.14040759858630814 0.14285714285714285 0.14285714285714285 
27 2 0 5.1767578125 1.9423828125 2.025390625 13.375 3.12890625 3.8046875 20 19 19.0 15.0 0.14064127604166532 0.14285714285714285 0.14285714285714285 
28 2 0 5.2060546875 2.0107421875 2.04296875 13.4697265625 3.3046875 3.810546875 20 19 15.0 15.0 0.1406583271329351 0.14285714285714285 0.14285714285714285 
29 2 0 5.2119140625 2.0576171875 2.1171875 13.4375 3.427734375 3.927734375 20 19 17.0 15.0 0.1403231181795621 0.14285714285714285 0.14285714285714285 
30 2 0 5.2080078125 2.099609375 2.0576171875 13.3916015625 3.48046875 3.75 20 19 17.0 15.0 0.1402235243055542 0.14285714285714285 0.14285714285714285 
31 3 0 5.1728515625 2.0634765625 2.12109375 13.1708984375 3.41015625 3.880859375 20 19 19.0 15.0 0.1407738095238081 0.14285714285714285 0.14285714285714285 
32 2 1 5.1337890625 2.0205078125 2.07421875 13.0859375 3.3359375 3.716796875 20 19 25.0 15.0 0.14052966889880816 0.14285714285714285 0.14285714285714285 
33 2 0 5.1240234375 1.9814453125 1.984375 13.0087890625 3.283203125 3.48046875 19 19 15.0 15.0 0.1403765966021812 0.14285714285714285 0.14285714285714285 
34 3 0 5.1796875 1.9560546875 2.0 13.166015625 3.228515625 3.48828125 19 19 19.0 15.0 0.14029521639384784 0.14285714285714285 0.14285714285714285 
35 2 0 5.146484375 1.931640625 2.072265625 13.0546875 3.15234375 3.67578125 19 19 19.0 15.0 0.14014718191964157 0.14285714285714285 0.14285714285714285 
36 2 0 5.1103515625 1.8818359375 2.126953125 12.91796875 2.994140625 3.7734375 19 19 15.0 15.0 0.14064437624007797 0.14285714285714285 0.14285714285714285 
37 2 0 5.1494140625 1.783203125 2.0966796875 13.0771484375 2.767578125 3.677734375 19 19 15.0 15.0 0.14072846912202241 0.14285714285714285 0.14285714285714285 
38 2 0 5.1435546875 1.7431640625 2.1103515625 13.04296875 2.654296875 3.75390625 19 19 15.0 15.0 0.1406815786210303 0.14285714285714285 0.14285714285714285 
39 1 0 5.12109375 1.76953125 2.091796875 12.875 2.7578125 3.6875 19 19 19.0 15.0 0.14030219184027645 0.14285714285714285 0.14285714285714285 
40 2 0 5.15625 1.7744140625 2.1025390625 13.0009765625 2.8125 3.650390625 19 19 33.0 15.0 0.1408420138888875 0.14285714285714285 0.14285714285714285 
41 1 0 5.125 1.775390625 2.205078125 12.9072265625 2.810546875 3.875 19 19 19.0 15.0 0.14034055679563356 0.14285714285714285 0.14285714285714285 
42 1 0 5.1328125 1.771484375 2.203125 12.984375 2.783203125 3.892578125 19 19 15.0 15.0 0.14065755208333192 0.14285714285714285 0.14285714285714285 
43 2 0 5.158203125 1.8076171875 2.0751953125 12.99609375 2.880859375 3.576171875 19 19 15.0 15.0 0.14009564112103046 0.14285714285714285 0.14285714285714285 
44 2 0 5.1533203125 1.90625 2.0205078125 12.9384765625 3.1015625 3.419921875 19 19 15.0 15.0 0.14017508370535578 0.14285714285714285 0.14285714285714285 
45 2 0 5.1435546875 1.923828125 1.984375 12.853515625 3.10546875 3.259765625 19 19 17.0 15.0 0.14076140873015736 0.14285714285714285 0.14285714285714285 
46 2 0 5.1162109375 1.943359375 1.9755859375 12.8251953125 3.146484375 3.212890625 19 19 33.0 15.0 0.14027855282737958 0.14285714285714285 0.14285714285714285 
47 2 0 5.12109375 1.8515625 1.953125 12.865234375 2.958984375 3.2421875 19 19 15.0 15.0 0.14066336495535572 0.14285714285714285 0.14285714285714285 
48 1 1 5.11328125 1.78515625 1.8681640625 12.9033203125 2.822265625 2.982421875 18 19 19.0 15.0 0.14056377108134782 0.14285714285714285 0.14285714285714285 
49 2 1 5.146484375 1.798828125 1.82421875 13.0107421875 2.822265625 2.875 18 19 27.0 15.0 0.1405304439484113 0.14285714285714285 0.14285714285714285 
50 2 1 5.123046875 1.84765625 1.86328125 12.982421875 2.943359375 2.984375 18 19 15.0 15.0 0.14073118179563351 0.14285714285714285 0.14285714285714285 
