0 65 28 3.142578125 2.033203125 1.8896484375 9.55859375 3.537109375 3.125 16 16 43.0 43.0 0.11102899108270403 0.125 0.125 
1 19 1 3.333984375 2.171875 1.9091796875 10.263671875 3.931640625 3.197265625 17 16 39.0 39.0 0.11245233444940671 0.14285714285714285 0.14285714285714285 
2 17 0 4.212890625 2.6416015625 2.0302734375 13.95703125 5.34765625 3.560546875 22 18 39.0 39.0 0.11825086805555658 0.14285714285714285 0.14285714285714285 
3 17 2 5.1376953125 3.1630859375 2.337890625 17.904296875 6.79296875 4.541015625 29 21 37.0 37.0 0.12440514942956364 0.16666666666666666 0.16666666666666666 
4 11 1 5.5048828125 2.8359375 3.1552734375 18.8349609375 5.66796875 7.615234375 32 23 37.0 37.0 0.12870515985750336 0.16666666666666666 0.16666666666666666 
5 14 3 6.068359375 2.07421875 4.8505859375 21.4248046875 3.27734375 13.884765625 38 26 53.0 37.0 0.13719272806186777 0.16666666666666666 0.16666666666666666 
6 18 2 6.20703125 1.82421875 5.2109375 22.12109375 2.68359375 14.95703125 39 28 37.0 37.0 0.14206077938988004 0.16666666666666666 0.16666666666666666 
7 4 2 6.1396484375 1.50390625 5.2880859375 21.935546875 2.078125 14.876953125 38 29 37.0 37.0 0.15128196727317764 0.2 0.2 
8 5 2 6.123046875 1.2353515625 5.390625 21.7939453125 1.546875 14.873046875 38 30 37.0 37.0 0.15743078807043603 0.2 0.2 
9 5 2 6.107421875 1.2333984375 5.416015625 21.6796875 1.564453125 14.84375 38 31 37.0 37.0 0.1576799665178567 0.2 0.2 
10 4 2 6.0341796875 1.2021484375 5.4013671875 21.5810546875 1.49609375 14.88671875 37 31 37.0 37.0 0.15959278893849138 0.2 0.2 
11 3 3 5.908203125 1.208984375 5.38671875 21.625 1.4921875 14.96484375 38 32 37.0 37.0 0.1649131169394831 0.2 0.2 
12 3 3 5.5078125 1.0927734375 5.18359375 21.1005859375 1.21875 14.96484375 37 32 37.0 37.0 0.17624553994182737 0.2 0.2 
13 4 2 5.376953125 1.0419921875 5.119140625 21.068359375 1.11328125 14.9453125 37 32 37.0 37.0 0.1822622147817441 0.2 0.2 
14 5 2 5.37890625 1.0546875 5.1123046875 21.0107421875 1.12890625 14.93359375 37 33 37.0 37.0 0.18087138826884747 0.2 0.2 
15 3 2 5.3935546875 1.05078125 5.1533203125 21.20703125 1.119140625 14.9296875 37 33 37.0 37.0 0.18253696986606954 0.2 0.2 
16 4 2 5.423828125 1.048828125 5.1572265625 21.287109375 1.11328125 14.939453125 37 33 37.0 37.0 0.18221648685515682 0.2 0.2 
17 3 3 5.46484375 1.056640625 5.1689453125 21.447265625 1.134765625 14.9296875 37 33 37.0 37.0 0.18262222532241867 0.2 0.2 
18 3 2 5.4833984375 1.109375 5.1904296875 21.533203125 1.236328125 14.9453125 37 34 37.0 37.0 0.18409675719245824 0.2 0.2 
19 3 3 5.4716796875 1.1337890625 5.181640625 21.5927734375 1.3046875 14.876953125 37 34 37.0 37.0 0.18258812313987918 0.2 0.2 
20 4 3 5.5078125 1.13671875 5.23828125 21.8876953125 1.314453125 14.953125 38 34 37.0 37.0 0.18295859685019644 0.2 0.2 
21 4 2 5.5400390625 1.1240234375 5.232421875 21.9267578125 1.279296875 14.92578125 38 34 39.0 39.0 0.18252844432043458 0.25 0.25 
22 3 3 5.5693359375 1.1328125 5.23828125 21.994140625 1.314453125 14.94140625 38 34 39.0 39.0 0.18252185639880775 0.25 0.25 
23 4 2 5.546875 1.1708984375 5.2392578125 21.927734375 1.375 14.91015625 38 34 39.0 39.0 0.18445444258432334 0.25 0.25 
24 3 3 5.5458984375 1.30859375 5.216796875 22.1025390625 1.638671875 14.873046875 38 35 39.0 39.0 0.18798944382440283 0.25 0.25 
25 4 1 5.4013671875 1.6357421875 5.1826171875 21.880859375 2.2890625 14.9296875 39 35 39.0 39.0 0.20371248759920488 0.25 0.25 
26 3 2 5.2685546875 1.98046875 5.0927734375 21.515625 2.9765625 14.873046875 39 35 39.0 39.0 0.21567615327380885 0.25 0.25 
27 2 3 5.2734375 2.0166015625 5.0830078125 21.5 3.05859375 14.86328125 39 35 39.0 39.0 0.22039310515872962 0.25 0.25 
28 3 1 5.3076171875 1.9951171875 5.1337890625 21.548828125 2.9921875 14.91796875 39 35 39.0 39.0 0.22006913442460277 0.25 0.25 
29 3 2 5.306640625 1.9931640625 5.15234375 21.400390625 2.9921875 14.921875 39 35 39.0 39.0 0.22013501364087232 0.25 0.25 
30 3 2 5.3115234375 2.0029296875 5.146484375 21.3837890625 3.013671875 14.857421875 39 35 37.0 39.0 0.21948319692460252 0.25 0.25 
31 3 3 5.3173828125 2.0029296875 5.1591796875 21.3720703125 3.015625 14.876953125 39 36 39.0 39.0 0.22167271205357075 0.25 0.25 
32 3 2 5.369140625 2.0087890625 5.1630859375 21.5966796875 3.03125 14.91796875 39 36 39.0 39.0 0.22013423859126932 0.25 0.25 
33 3 2 5.408203125 2.009765625 5.1591796875 21.673828125 3.037109375 14.880859375 39 36 39.0 39.0 0.22053571428571372 0.25 0.25 
34 2 3 5.4599609375 2.0205078125 5.19921875 21.9619140625 3.068359375 14.8828125 39 36 39.0 39.0 0.22154172867063435 0.25 0.25 
35 3 3 5.5478515625 2.0087890625 5.21875 22.2060546875 3.03125 14.8671875 40 36 39.0 39.0 0.21949676029265813 0.25 0.25 
36 3 2 5.6162109375 2.0048828125 5.2568359375 22.47265625 3.029296875 14.96875 40 36 39.0 39.0 0.226873682415674 0.25 0.25 
37 3 3 5.6669921875 1.9951171875 5.2666015625 22.498046875 2.998046875 14.9296875 40 36 37.0 39.0 0.22268531436011846 0.25 0.25 
38 3 2 5.7333984375 2.00390625 5.28515625 23.013671875 3.02734375 14.880859375 40 36 39.0 39.0 0.22240284400928884 0.25 0.25 
39 3 2 5.755859375 1.9970703125 5.2734375 22.9775390625 3.01171875 14.935546875 40 36 39.0 39.0 0.22155765241702674 0.25 0.25 
40 3 2 5.7919921875 2.0224609375 5.2958984375 23.244140625 3.068359375 14.931640625 41 36 39.0 39.0 0.22242218501984073 0.25 0.25 
41 3 3 5.8857421875 1.9990234375 5.3095703125 23.4482421875 3.01953125 14.884765625 41 37 59.0 59.0 0.2234278118799598 0.3333333333333333 0.3333333333333333 
42 3 3 5.9267578125 2.0068359375 5.3056640625 23.7490234375 3.033203125 14.90625 41 37 59.0 59.0 0.22165802134063806 0.3333333333333333 0.3333333333333333 
43 2 2 6.0302734375 2.0048828125 5.3369140625 24.3505859375 3.03125 14.982421875 42 37 59.0 59.0 0.22415907118055495 0.3333333333333333 0.3333333333333333 
44 3 2 6.28125 2.005859375 5.43359375 26.3671875 3.017578125 14.970703125 44 37 59.0 59.0 0.2328202504960316 0.3333333333333333 0.3333333333333333 
45 3 3 7.060546875 2.0166015625 5.697265625 32.68359375 3.064453125 15.005859375 50 37 59.0 59.0 0.26084178137400826 0.3333333333333333 0.3333333333333333 
46 3 4 7.9638671875 2.0166015625 5.8896484375 40.18359375 3.06640625 14.869140625 58 38 59.0 59.0 0.2924033513144839 0.3333333333333333 0.3333333333333333 
47 3 4 8.0322265625 2.0048828125 5.88671875 40.6962890625 3.02734375 14.8359375 58 38 59.0 59.0 0.2912717788938491 0.3333333333333333 0.3333333333333333 
48 4 4 8.037109375 2.0078125 5.8779296875 40.6787109375 3.033203125 14.84765625 58 39 57.0 59.0 0.28934268043154754 0.3333333333333333 0.3333333333333333 
49 4 4 8.068359375 2.009765625 5.8984375 40.607421875 3.0546875 14.87890625 58 39 59.0 59.0 0.2862944103422622 0.3333333333333333 0.3333333333333333 
50 4 4 8.1513671875 2.013671875 5.8955078125 40.896484375 3.04296875 14.888671875 58 39 59.0 59.0 0.2914833674355161 0.3333333333333333 0.3333333333333333 
