0 88 28 3.138671875 2.09375 1.869140625 9.552734375 3.734375 3.025390625 16 16 46.0 46.0 0.11120647744183107 0.14285714285714285 0.14285714285714285 
1 19 1 3.3798828125 2.193359375 1.912109375 10.4130859375 4.056640625 3.150390625 17 16 46.0 46.0 0.11306578621031933 0.14285714285714285 0.14285714285714285 
2 17 1 4.25 2.412109375 2.24609375 13.923828125 4.865234375 4.029296875 22 18 46.0 46.0 0.11942351810515969 0.14285714285714285 0.14285714285714285 
3 21 1 4.955078125 2.8984375 2.587890625 17.8056640625 6.453125 4.873046875 29 21 46.0 46.0 0.1256460038442461 0.14285714285714285 0.14285714285714285 
4 14 3 5.3544921875 4.2373046875 2.3310546875 23.3251953125 11.125 3.966796875 38 24 44.0 46.0 0.13176893093885217 0.14285714285714285 0.14285714285714285 
5 13 3 5.734375 5.2646484375 2.00390625 28.4619140625 14.873046875 3.017578125 46 28 46.0 46.0 0.13709197161345488 0.16666666666666666 0.16666666666666666 
6 7 4 5.8154296875 5.3203125 2.0048828125 28.705078125 14.89453125 3.021484375 46 31 46.0 46.0 0.13715834404310867 0.16666666666666666 0.16666666666666666 
7 7 3 5.916015625 5.451171875 1.9931640625 28.4814453125 14.9140625 2.990234375 46 32 46.0 46.0 0.13913806733630854 0.16666666666666666 0.16666666666666666 
8 7 3 5.859375 5.923828125 1.9951171875 28.5830078125 14.875 2.9921875 46 34 44.0 46.0 0.14620151712436785 0.16666666666666666 0.16666666666666666 
9 6 4 5.650390625 6.6015625 1.9892578125 28.076171875 14.875 2.9921875 45 35 46.0 46.0 0.1560732886904757 0.2 0.2 
10 5 3 5.6943359375 6.654296875 2.001953125 28.1201171875 14.919921875 3.013671875 46 36 46.0 46.0 0.15749511718749962 0.2 0.2 
11 6 3 5.7109375 6.6298828125 1.994140625 28.1796875 14.826171875 2.994140625 46 37 46.0 46.0 0.15886617993551522 0.2 0.2 
12 5 4 5.8154296875 6.6484375 1.994140625 28.41796875 14.890625 2.998046875 46 38 46.0 46.0 0.16144787016368978 0.2 0.2 
13 5 4 5.9619140625 6.70703125 1.998046875 28.2763671875 14.873046875 3.00390625 46 38 46.0 46.0 0.16886664496527665 0.2 0.2 
14 4 3 6.0673828125 6.884765625 1.9892578125 28.154296875 14.880859375 2.98828125 46 39 46.0 46.0 0.18288535466269643 0.2 0.2 
15 5 2 6.0615234375 6.8984375 1.9912109375 27.982421875 14.880859375 2.98828125 45 39 46.0 46.0 0.18643508184523586 0.2 0.2 
16 5 3 6.0927734375 6.8916015625 2.013671875 27.9716796875 14.85546875 3.0546875 45 39 46.0 46.0 0.1839382595486091 0.2 0.2 
17 5 2 6.0908203125 6.908203125 2.0078125 28.12109375 14.865234375 3.01953125 46 40 46.0 46.0 0.1856902591765851 0.2 0.2 
18 4 3 6.1025390625 6.92578125 2.0224609375 28.1044921875 14.904296875 3.048828125 46 40 46.0 46.0 0.18560151599702177 0.2 0.2 
19 5 3 6.10546875 6.931640625 2.0263671875 28.158203125 14.931640625 3.06640625 46 40 46.0 46.0 0.1844218905009899 0.2 0.2 
20 4 4 6.1123046875 6.88671875 2.01953125 27.9931640625 14.80859375 3.05859375 45 41 46.0 46.0 0.18461681547618836 0.2 0.2 
21 4 3 6.1201171875 6.904296875 2.0263671875 28.056640625 14.837890625 3.064453125 45 41 46.0 46.0 0.18553796192956135 0.2 0.2 
22 5 3 6.1630859375 6.91796875 2.0458984375 28.1982421875 14.9296875 3.095703125 46 41 46.0 46.0 0.1853174603174582 0.2 0.2 
23 5 3 6.19140625 6.9150390625 2.048828125 28.41015625 14.9296875 3.115234375 46 41 46.0 46.0 0.18567165798610905 0.2 0.2 
24 3 3 6.2236328125 6.892578125 2.0703125 28.41015625 14.87890625 3.154296875 46 41 46.0 46.0 0.18507254464285497 0.2 0.2 
25 3 2 6.2197265625 6.9013671875 2.05078125 28.5234375 14.875 3.10546875 46 42 46.0 46.0 0.1859557136656724 0.2 0.2 
26 4 2 6.251953125 6.8876953125 2.0732421875 28.626953125 14.85546875 3.166015625 46 42 46.0 46.0 0.18571157304067248 0.2 0.2 
27 4 3 6.2578125 6.8681640625 2.0556640625 28.408203125 14.822265625 3.1328125 46 42 46.0 46.0 0.18567282056051373 0.2 0.2 
28 4 3 6.298828125 6.8671875 2.048828125 28.4052734375 14.810546875 3.109375 46 42 46.0 46.0 0.18527328249007727 0.2 0.2 
29 4 3 6.2958984375 6.888671875 2.0654296875 28.318359375 14.88671875 3.1484375 46 42 46.0 46.0 0.18518844978805707 0.2 0.2 
30 4 3 6.3623046875 6.8828125 2.0283203125 28.60546875 14.84765625 3.068359375 46 42 55.0 46.0 0.18517139869678725 0.2 0.2 
31 5 3 6.3759765625 6.8505859375 2.0224609375 28.5673828125 14.75390625 3.056640625 46 42 46.0 46.0 0.1832442026289662 0.2 0.2 
32 3 3 6.373046875 6.8876953125 2.03125 28.7333984375 14.849609375 3.078125 46 43 46.0 46.0 0.18701946924602947 0.2 0.2 
33 5 2 6.4375 6.8671875 2.033203125 28.9384765625 14.78125 3.087890625 46 43 46.0 46.0 0.18586697048610898 0.2 0.2 
34 4 2 6.4384765625 6.8984375 2.0419921875 28.9560546875 14.833984375 3.103515625 46 43 46.0 46.0 0.18455907428075186 0.2 0.2 
35 4 3 6.5009765625 6.8974609375 2.0322265625 29.3828125 14.88671875 3.07421875 47 43 46.0 46.0 0.1856150793650772 0.2 0.2 
36 4 3 6.564453125 6.8779296875 2.0302734375 29.734375 14.814453125 3.07421875 47 43 46.0 46.0 0.18655288938491843 0.2 0.2 
37 4 3 6.58984375 6.86328125 2.017578125 29.767578125 14.8046875 3.0546875 47 43 46.0 46.0 0.18570304749503758 0.2 0.2 
38 4 3 6.5986328125 6.869140625 2.001953125 30.087890625 14.77734375 3.015625 47 43 46.0 46.0 0.18689933655753743 0.2 0.2 
39 4 3 6.6142578125 6.8662109375 2.0029296875 29.98828125 14.841796875 3.0078125 47 43 59.0 46.0 0.1861103712910332 0.2 0.2 
40 5 2 6.69140625 6.859375 2.0185546875 30.6318359375 14.7890625 3.046875 48 43 46.0 46.0 0.18680129278273594 0.2 0.2 
41 4 3 6.681640625 6.84765625 2.001953125 30.32421875 14.77734375 3.00390625 48 43 46.0 46.0 0.18634091331845018 0.2 0.2 
42 3 2 6.6826171875 6.8896484375 2.0107421875 30.373046875 14.86328125 3.025390625 48 44 46.0 46.0 0.18748566158233904 0.2 0.2 
43 5 2 6.7216796875 6.8974609375 2.001953125 30.5439453125 14.853515625 3.01171875 48 44 46.0 46.0 0.18641919332837087 0.2 0.2 
44 4 3 6.7978515625 6.8818359375 2.015625 30.6884765625 14.80078125 3.0390625 48 44 46.0 46.0 0.18534807477678358 0.2 0.2 
45 3 2 6.88671875 6.890625 1.9951171875 31.0869140625 14.849609375 2.9921875 48 44 46.0 46.0 0.1852492911819063 0.2 0.2 
46 4 2 6.984375 6.853515625 2.009765625 31.3837890625 14.74609375 3.02734375 49 44 46.0 46.0 0.18644321986606918 0.2 0.2 
47 3 2 6.9580078125 6.90625 2.0 31.4013671875 14.869140625 3.005859375 49 44 46.0 46.0 0.1847462487599185 0.2 0.2 
48 4 2 6.99609375 6.904296875 1.986328125 31.3671875 14.853515625 2.974609375 49 44 40.0 46.0 0.18477263567595392 0.2 0.2 
49 3 2 7.044921875 6.875 2.0009765625 31.544921875 14.796875 3.017578125 49 44 46.0 46.0 0.1855887276785693 0.2 0.2 
50 3 3 7.1083984375 6.9033203125 2.0009765625 32.009765625 14.87109375 3.013671875 49 44 46.0 46.0 0.18613823784722006 0.2 0.2 
