0 65 25 3.1474609375 2.0869140625 1.8623046875 9.609375 3.666015625 2.98046875 16 16 27.0 27.0 0.11111308396464849 0.125 0.125 
1 16 2 3.462890625 2.0029296875 1.8544921875 10.7099609375 3.44921875 2.91796875 17 16 31.0 27.0 0.11274414062500189 0.125 0.125 
2 21 1 4.3642578125 1.96875 1.95703125 14.1142578125 3.671875 3.03515625 20 18 22.0 22.0 0.11860196552579465 0.14285714285714285 0.14285714285714285 
3 14 2 5.08203125 1.9208984375 2.0859375 17.0673828125 3.73828125 3.25 24 19 22.0 22.0 0.123523142981151 0.14285714285714285 0.14285714285714285 
4 11 1 5.193359375 1.8623046875 2.0302734375 17.138671875 3.5859375 3.109375 23 20 22.0 22.0 0.12428152901785725 0.14285714285714285 0.14285714285714285 
5 13 1 5.3955078125 1.6279296875 1.841796875 17.455078125 2.935546875 2.7265625 23 20 22.0 22.0 0.12739257812499982 0.14285714285714285 0.14285714285714285 
6 10 1 6.0205078125 1.2060546875 1.29296875 19.4951171875 1.6171875 1.609375 22 21 22.0 22.0 0.13604294197555822 0.14285714285714285 0.14285714285714285 
7 4 1 6.232421875 1.037109375 1.033203125 20.2470703125 1.1015625 1.076171875 22 21 22.0 22.0 0.1391675192212289 0.14285714285714285 0.14285714285714285 
8 4 1 6.2802734375 1.0625 1.0546875 20.1259765625 1.15234375 1.14453125 22 21 22.0 22.0 0.13925784772952615 0.14285714285714285 0.14285714285714285 
9 4 1 6.322265625 1.05078125 1.0703125 20.177734375 1.130859375 1.1953125 22 21 30.0 22.0 0.139558919270832 0.14285714285714285 0.14285714285714285 
10 3 2 6.330078125 1.033203125 1.083984375 20.103515625 1.07421875 1.236328125 22 21 22.0 22.0 0.13944812240710552 0.14285714285714285 0.14285714285714285 
11 4 1 6.359375 1.0654296875 1.068359375 20.392578125 1.140625 1.1875 22 21 22.0 22.0 0.13913849009063725 0.14285714285714285 0.14285714285714285 
12 3 2 6.416015625 1.037109375 1.0693359375 20.4677734375 1.091796875 1.1953125 22 21 22.0 22.0 0.13884749419417267 0.14285714285714285 0.14285714285714285 
13 6 1 6.455078125 1.044921875 1.046875 20.4130859375 1.099609375 1.119140625 22 21 22.0 22.0 0.1397224547371019 0.14285714285714285 0.14285714285714285 
14 5 1 6.474609375 1.0380859375 1.0703125 20.4296875 1.103515625 1.177734375 22 21 22.0 22.0 0.13969571552579232 0.14285714285714285 0.14285714285714285 
15 7 1 6.4404296875 1.0380859375 1.0673828125 20.5673828125 1.0859375 1.16015625 22 21 37.0 37.0 0.13998170882936375 0.16666666666666666 0.16666666666666666 
16 3 1 6.4541015625 1.044921875 1.0859375 20.708984375 1.09765625 1.1953125 23 22 37.0 37.0 0.13992241753472096 0.16666666666666666 0.16666666666666666 
17 4 0 6.4892578125 1.072265625 1.0908203125 20.9443359375 1.173828125 1.197265625 23 22 37.0 37.0 0.1395670572916654 0.16666666666666666 0.16666666666666666 
18 4 0 6.7177734375 1.052734375 1.0927734375 22.4140625 1.146484375 1.1953125 24 22 37.0 37.0 0.14148491753472112 0.16666666666666666 0.16666666666666666 
19 7 1 7.4111328125 1.029296875 1.076171875 28.0947265625 1.068359375 1.162109375 30 22 37.0 37.0 0.14935635653409016 0.16666666666666666 0.16666666666666666 
20 4 1 8.0908203125 1.0322265625 1.03515625 34.96875 1.09375 1.0703125 37 23 37.0 37.0 0.15956294952876932 0.16666666666666666 0.16666666666666666 
21 3 1 8.1513671875 1.0146484375 1.0390625 35.615234375 1.03515625 1.078125 37 23 37.0 37.0 0.1600202287946424 0.16666666666666666 0.16666666666666666 
22 3 1 8.1689453125 1.03125 1.048828125 35.5009765625 1.06640625 1.1171875 37 24 37.0 37.0 0.16005781870039643 0.16666666666666666 0.16666666666666666 
23 3 2 8.1826171875 1.037109375 1.046875 35.333984375 1.087890625 1.099609375 37 25 37.0 37.0 0.15901925223214244 0.16666666666666666 0.16666666666666666 
24 2 1 8.169921875 1.0361328125 1.0712890625 35.3798828125 1.078125 1.15625 37 25 37.0 37.0 0.15965673053075352 0.16666666666666666 0.16666666666666666 
25 4 2 8.208984375 1.0478515625 1.0751953125 35.5908203125 1.123046875 1.1640625 37 26 37.0 37.0 0.15900336371527737 0.16666666666666666 0.16666666666666666 
26 4 1 8.220703125 1.0302734375 1.087890625 35.6767578125 1.06640625 1.193359375 37 26 37.0 37.0 0.1587317088293647 0.2 0.2 
27 5 1 8.30078125 1.0205078125 1.0751953125 36.025390625 1.041015625 1.166015625 38 26 37.0 37.0 0.1605305989583326 0.2 0.2 
28 3 1 8.2900390625 1.05078125 1.0849609375 36.06640625 1.12109375 1.17578125 38 27 37.0 37.0 0.16029424405889203 0.2 0.2 
29 2 1 8.060546875 1.03515625 1.08203125 35.5361328125 1.09375 1.177734375 37 27 37.0 37.0 0.1651971726190469 0.2 0.2 
30 2 1 7.4365234375 1.0244140625 1.0576171875 34.970703125 1.0546875 1.125 37 27 37.0 37.0 0.18010504035894487 0.2 0.2 
31 2 1 7.16015625 1.0166015625 1.0400390625 34.7958984375 1.046875 1.083984375 36 28 37.0 37.0 0.18616251099161055 0.2 0.2 
32 2 1 7.189453125 1.0390625 1.0234375 34.8642578125 1.087890625 1.046875 36 28 37.0 37.0 0.1882611691693701 0.2 0.2 
33 2 1 7.1708984375 1.0419921875 1.0361328125 34.8427734375 1.09375 1.080078125 37 28 37.0 37.0 0.18672304800234277 0.2 0.2 
34 2 1 7.2177734375 1.03515625 1.033203125 35.0263671875 1.10546875 1.06640625 37 29 37.0 37.0 0.18797669073547763 0.2 0.2 
35 2 2 7.1943359375 1.015625 1.056640625 34.9921875 1.041015625 1.123046875 37 29 37.0 37.0 0.18749813283504468 0.2 0.2 
36 2 1 7.1943359375 1.0380859375 1.0703125 34.9697265625 1.083984375 1.15234375 37 29 37.0 37.0 0.18706713479662487 0.2 0.2 
37 3 1 7.2216796875 1.037109375 1.056640625 34.970703125 1.099609375 1.119140625 37 29 37.0 37.0 0.18769274074449635 0.2 0.2 
38 3 1 7.2412109375 1.0498046875 1.0703125 34.9443359375 1.123046875 1.16015625 37 29 37.0 37.0 0.1863305206078623 0.2 0.2 
39 2 1 7.23828125 1.0556640625 1.08203125 35.146484375 1.142578125 1.171875 37 30 37.0 37.0 0.1879620352520721 0.2 0.2 
40 2 1 7.2685546875 1.0263671875 1.1044921875 35.1005859375 1.060546875 1.21484375 37 30 37.0 37.0 0.1880142806412315 0.2 0.2 
41 2 1 7.31640625 1.033203125 1.099609375 35.333984375 1.08203125 1.205078125 37 30 58.0 37.0 0.18683476083378217 0.2 0.2 
42 3 1 7.302734375 1.0400390625 1.1337890625 35.271484375 1.1015625 1.2734375 37 30 37.0 37.0 0.18694048464556062 0.2 0.2 
43 2 1 7.2861328125 1.0283203125 1.1171875 35.34375 1.0703125 1.240234375 37 30 37.0 37.0 0.18789622649485715 0.2 0.2 
44 2 1 7.32421875 1.037109375 1.1484375 35.15625 1.10546875 1.306640625 37 30 37.0 37.0 0.18652040776064005 0.2 0.2 
45 2 1 7.3056640625 1.0224609375 1.142578125 35.013671875 1.052734375 1.291015625 37 31 37.0 37.0 0.18689739893352963 0.2 0.2 
46 2 1 7.36328125 1.01953125 1.1962890625 35.1171875 1.041015625 1.41796875 37 31 65.0 37.0 0.1865657129328983 0.2 0.2 
47 2 1 7.361328125 1.01953125 1.1708984375 35.111328125 1.048828125 1.34375 37 31 37.0 37.0 0.1878434526627864 0.2 0.2 
48 2 1 7.380859375 1.0390625 1.1796875 35.1640625 1.08203125 1.365234375 37 31 45.0 37.0 0.1869102929405642 0.2 0.2 
49 2 1 7.4091796875 1.0302734375 1.1728515625 35.15234375 1.064453125 1.35546875 37 31 37.0 37.0 0.1869892423115058 0.2 0.2 
50 2 1 7.392578125 1.0341796875 1.1591796875 35.197265625 1.07421875 1.361328125 37 31 37.0 37.0 0.18814677889384698 0.2 0.2 
