0 69 26 3.326171875 2.0927734375 1.873046875 10.3095703125 3.646484375 3.05859375 17 17 20.0 20.0 0.11117621527777978 0.125 0.125 
1 18 1 3.693359375 2.0908203125 1.916015625 12.0439453125 3.671875 3.1171875 18 17 20.0 20.0 0.11321885850694623 0.125 0.125 
2 18 1 4.5048828125 1.998046875 2.1181640625 16.669921875 3.2890625 3.560546875 23 19 15.0 20.0 0.11964246961805637 0.125 0.125 
3 20 2 5.126953125 1.9375 2.1484375 19.4619140625 2.994140625 3.6328125 26 21 31.0 31.0 0.12327318948412719 0.14285714285714285 0.14285714285714285 
4 12 2 5.2138671875 1.9287109375 2.1923828125 19.30078125 2.9609375 3.736328125 25 22 32.0 31.0 0.12371186755952401 0.14285714285714285 0.14285714285714285 
5 15 1 5.25 1.8828125 2.248046875 18.9462890625 2.861328125 3.904296875 25 22 31.0 31.0 0.12429241494182916 0.14285714285714285 0.14285714285714285 
6 6 1 5.478515625 1.7490234375 2.6630859375 19.25390625 2.5625 5.021484375 26 23 31.0 31.0 0.12790721106150788 0.14285714285714285 0.14285714285714285 
7 3 1 5.88671875 1.287109375 3.6162109375 20.5654296875 1.5859375 7.66796875 29 24 31.0 31.0 0.13680129278273714 0.14285714285714285 0.14285714285714285 
8 3 1 5.9853515625 1.193359375 3.826171875 21.0888671875 1.3984375 8.251953125 30 24 26.0 31.0 0.1389741443452369 0.14285714285714285 0.14285714285714285 
9 6 1 5.970703125 1.220703125 3.8154296875 20.96484375 1.46484375 8.2109375 30 25 29.0 31.0 0.13874240451388775 0.14285714285714285 0.14285714285714285 
10 5 2 6.0048828125 1.2060546875 3.8447265625 21.0654296875 1.4296875 8.234375 30 25 33.0 31.0 0.13882455977182423 0.14285714285714285 0.14285714285714285 
11 4 2 6.017578125 1.19921875 3.8349609375 21.0732421875 1.412109375 8.19921875 30 26 31.0 31.0 0.1391392299107131 0.14285714285714285 0.14285714285714285 
12 4 2 6.01953125 1.205078125 3.8154296875 21.025390625 1.43359375 8.162109375 30 26 20.0 31.0 0.13917139446924476 0.14285714285714285 0.14285714285714285 
13 3 2 6.0791015625 1.2001953125 3.8583984375 21.1875 1.41796875 8.263671875 30 27 31.0 31.0 0.139376782614086 0.14285714285714285 0.14285714285714285 
14 4 2 6.060546875 1.1875 3.8046875 21.09765625 1.388671875 8.111328125 30 27 31.0 31.0 0.13881719680059407 0.14285714285714285 0.14285714285714285 
15 3 2 6.0751953125 1.2177734375 3.7197265625 21.3056640625 1.453125 7.81640625 30 27 33.0 33.0 0.1389012896825385 0.16666666666666666 0.16666666666666666 
16 5 1 6.0791015625 1.23828125 3.7333984375 21.2412109375 1.4921875 7.890625 30 27 33.0 33.0 0.13883463541666552 0.16666666666666666 0.16666666666666666 
17 4 2 6.0986328125 1.23828125 3.697265625 21.2958984375 1.482421875 7.736328125 30 27 33.0 33.0 0.13993834128111357 0.16666666666666666 0.16666666666666666 
18 4 1 6.1162109375 1.2568359375 3.7421875 21.5205078125 1.541015625 7.66015625 30 27 33.0 33.0 0.14176939596861382 0.16666666666666666 0.16666666666666666 
19 3 1 6.29296875 1.11328125 4.27734375 22.642578125 1.248046875 8.28515625 32 28 25.0 33.0 0.15194692460317386 0.16666666666666666 0.16666666666666666 
20 4 1 6.349609375 1.03515625 4.603515625 23.0322265625 1.08203125 8.759765625 32 28 33.0 33.0 0.15945986793154707 0.16666666666666666 0.16666666666666666 
21 4 1 6.39453125 1.0361328125 4.53125 23.0224609375 1.08203125 8.650390625 32 28 33.0 33.0 0.15905722966269786 0.16666666666666666 0.16666666666666666 
22 4 1 6.4091796875 1.0419921875 4.525390625 23.2373046875 1.099609375 8.630859375 32 28 27.0 33.0 0.15938313802083273 0.16666666666666666 0.16666666666666666 
23 3 2 6.4423828125 1.046875 4.4326171875 23.3193359375 1.109375 8.427734375 32 28 33.0 33.0 0.15868559337797583 0.16666666666666666 0.16666666666666666 
24 4 1 6.439453125 1.0361328125 4.322265625 23.185546875 1.083984375 8.296875 32 29 33.0 33.0 0.15862126426091208 0.16666666666666666 0.16666666666666666 
25 3 1 6.447265625 1.0263671875 4.2900390625 23.2275390625 1.0546875 8.2109375 32 29 33.0 33.0 0.1591227213541662 0.16666666666666666 0.16666666666666666 
26 3 1 6.4306640625 1.0322265625 4.2626953125 23.1533203125 1.0703125 8.21875 32 29 31.0 33.0 0.15983266679067407 0.16666666666666666 0.16666666666666666 
27 3 1 6.427734375 1.02734375 4.212890625 23.173828125 1.06640625 8.060546875 32 29 27.0 33.0 0.15889489200036036 0.16666666666666666 0.16666666666666666 
28 3 2 6.439453125 1.0380859375 4.232421875 23.021484375 1.111328125 8.048828125 32 29 27.0 33.0 0.15866427951388853 0.16666666666666666 0.16666666666666666 
29 3 2 6.4736328125 1.0224609375 4.1923828125 23.177734375 1.046875 7.953125 32 29 33.0 33.0 0.16008455791170575 0.16666666666666666 0.16666666666666666 
30 3 0 6.49609375 1.0361328125 4.1513671875 23.1005859375 1.08203125 7.900390625 32 29 25.0 33.0 0.15880417596726148 0.16666666666666666 0.16666666666666666 
31 2 1 6.490234375 1.03125 4.099609375 23.16796875 1.072265625 7.701171875 31 29 33.0 33.0 0.1598113529265868 0.16666666666666666 0.16666666666666666 
32 2 1 6.4970703125 1.0302734375 4.1455078125 23.2470703125 1.076171875 7.818359375 32 29 33.0 33.0 0.15923122829861075 0.16666666666666666 0.16666666666666666 
33 2 1 6.48828125 1.0400390625 4.1201171875 23.203125 1.1015625 7.712890625 32 29 33.0 33.0 0.15790666852678542 0.2 0.2 
34 2 1 6.509765625 1.033203125 4.1259765625 23.06640625 1.080078125 7.779296875 31 29 21.0 33.0 0.15844532800099168 0.2 0.2 
35 2 1 6.4921875 1.0263671875 4.18359375 22.9208984375 1.05859375 8.01953125 31 30 33.0 33.0 0.15936686197916633 0.2 0.2 
36 2 1 6.43359375 1.0419921875 4.306640625 22.388671875 1.1171875 8.365234375 31 30 33.0 33.0 0.16404002356150713 0.2 0.2 
37 2 0 6.255859375 1.0234375 4.91015625 20.58203125 1.056640625 10.08984375 31 30 33.0 33.0 0.17869814918154595 0.2 0.2 
38 2 0 6.0908203125 1.0185546875 5.3466796875 19.234375 1.037109375 11.296875 31 30 33.0 33.0 0.189098927331347 0.2 0.2 
39 2 0 6.0791015625 1.0244140625 5.2919921875 19.234375 1.064453125 11.158203125 31 30 33.0 33.0 0.18970191592261673 0.2 0.2 
40 2 1 6.103515625 1.0322265625 5.3193359375 19.4345703125 1.0859375 11.1953125 31 30 33.0 33.0 0.18940817212301367 0.2 0.2 
41 2 1 6.08203125 1.029296875 5.3232421875 19.4189453125 1.0703125 11.23046875 31 30 33.0 33.0 0.18929113963293429 0.2 0.2 
42 2 1 6.08203125 1.03515625 5.2431640625 19.4375 1.091796875 11.01171875 31 30 25.0 33.0 0.18873039124503757 0.2 0.2 
43 2 1 6.052734375 1.0498046875 5.109375 19.3818359375 1.119140625 10.681640625 31 30 33.0 33.0 0.18707837301587088 0.2 0.2 
44 1 1 6.0703125 1.029296875 5.0419921875 19.3837890625 1.064453125 10.4765625 30 30 33.0 33.0 0.1899383060515849 0.2 0.2 
45 1 0 6.0859375 1.033203125 4.9755859375 19.5166015625 1.0859375 10.318359375 30 30 33.0 33.0 0.18960813492063264 0.2 0.2 
46 2 0 6.109375 1.0224609375 4.9267578125 19.578125 1.05078125 10.22265625 30 30 33.0 33.0 0.1898712642609103 0.2 0.2 
47 2 0 6.130859375 1.056640625 4.8896484375 19.833984375 1.130859375 10.22265625 31 30 29.0 33.0 0.18878774491567232 0.2 0.2 
48 2 1 6.0458984375 1.052734375 4.9375 19.392578125 1.13671875 10.298828125 30 30 33.0 33.0 0.18808829787833467 0.2 0.2 
49 2 1 6.0791015625 1.0517578125 4.61328125 19.4912109375 1.1171875 9.560546875 30 30 21.0 33.0 0.1883889818948391 0.2 0.2 
50 1 1 6.0732421875 1.060546875 4.6103515625 19.4443359375 1.140625 9.595703125 30 30 21.0 33.0 0.18899507068452157 0.2 0.2 
