MutateSwapPipeline
499 95 29 [ 6.973142857142857 ] [ 733.7842857142857 ] 733 738 749.0 749.0 71.04299470899211 72.44444444444444 72.44444444444444 
499 100 36 [ 6.980285714285714 ] [ 915.4977142857143 ] 915 990 932.0 932.0 75.8835026455031 77.0 77.0 
499 79 30 [ 6.9714285714285715 ] [ 731.6048571428571 ] 731 730 748.0 748.0 80.94631746031594 82.66666666666666 82.66666666666666 
499 148 37 [ 6.9791428571428575 ] [ 736.1185714285714 ] 736 774 750.0 750.0 71.51698412698644 72.77777777777777 72.77777777777777 
499 78 26 [ 5.982857142857143 ] [ 737.6211428571429 ] 737 863 750.0 750.0 69.1446137566119 70.22222222222221 70.22222222222221 
499 79 30 [ 6.973714285714285 ] [ 765.1885714285714 ] 765 868 787.0 787.0 67.47094179893946 68.66666666666666 68.66666666666666
499 91 35 [ 6.973428571428571 ] [ 884.2808571428571 ] 884 1054 897.0 897.0 76.68829629629312 77.81481481481482 77.81481481481482 
499 69 28 [ 6.946571428571429 ] [ 733.8597142857143 ] 733 807 749.0 749.0 70.6305361552033 71.99999999999999 71.99999999999999 
499 80 27 [ 6.965714285714285 ] [ 762.7174285714286 ] 762 868 779.0 779.0 63.495417989419806 64.70370370370371 64.70370370370371 
499 74 28 [ 6.976 ] [ 732.2145714285714 ] 732 731 747.0 747.0 71.53083597883197 72.88888888888889 72.88888888888889 
499 73 28 [ 6.966857142857143 ] [ 734.0142857142857 ] 734 779 748.0 748.0 69.8604550264585 71.11111111111111 71.11111111111111 
499 91 29 [ 7.974285714285714 ] [ 730.7354285714285 ] 730 736 749.0 749.0 83.213428571433 85.11111111111111 85.11111111111111 
499 84 29 [ 7.967714285714286 ] [ 734.6025714285714 ] 734 734 750.0 750.0 70.90650793651008 72.33333333333334 72.33333333333334 
499 88 30 [ 7.974857142857143 ] [ 732.6145714285715 ] 732 733 750.0 750.0 83.8374109347434 85.66666666666666 85.66666666666666 
499 77 33 [ 6.961428571428572 ] [ 733.9468571428572 ] 733 780 750.0 750.0 68.79057142856976 70.22222222222223 70.22222222222223
499 80 27 [ 8.967428571428572 ] [ 733.4648571428571 ] 733 744 750.0 750.0 83.42793298060087 85.18518518518519 85.18518518518519 
499 76 29 [ 6.976857142857143 ] [ 734.9645714285714 ] 734 794 750.0 750.0 71.84467724867581 73.22222222222223 73.22222222222223
499 80 30 [ 6.966 ] [ 734.292 ] 734 803 748.0 748.0 68.87326984127311 70.11111111111111 70.11111111111111 
499 87 34 [ 7.978285714285715 ] [ 850.8325714285714 ] 850 965 866.0 866.0 76.68911816578047 77.88888888888889 77.88888888888889 