MutateERCPipeline
499 71 28 [ 6.969714285714286 ] [ 735.234 ] 735 869 750.0 750.0 71.10438095237798 72.44444444444444 72.44444444444444 
499 74 28 [ 6.956857142857143 ] [ 732.016 ] 732 777 749.0 749.0 71.00431746032066 72.55555555555554 72.55555555555554 
499 77 29 [ 5.989428571428571 ] [ 768.9717142857143 ] 768 942 779.0 788.0 62.874677248679724 63.77777777777777 63.77777777777777 
499 130 29 [ 6.974 ] [ 735.8982857142857 ] 735 797 750.0 750.0 70.38046560846361 71.66666666666666 71.66666666666666 
499 132 31 [ 6.984571428571429 ] [ 735.6742857142857 ] 735 766 750.0 750.0 71.7862962963001 73.1111111111111 73.1111111111111 
499 105 38 [ 6.982285714285714 ] [ 937.3985714285715 ] 937 1105 953.0 953.0 81.48234920634765 82.66666666666664 82.66666666666664 
499 131 30 [ 7.969142857142857 ] [ 733.2748571428572 ] 733 731 750.0 750.0 84.78578835979201 86.55555555555554 86.55555555555554 
499 150 36 [ 6.972571428571428 ] [ 734.7157142857143 ] 734 781 750.0 750.0 71.9410687830708 73.33333333333333 73.33333333333333 
499 75 28 [ 6.972 ] [ 736.064 ] 736 795 750.0 750.0 68.96845502645319 70.22222222222221 70.22222222222221 
499 83 29 [ 6.978 ] [ 734.9408571428571 ] 734 766 750.0 750.0 70.99674074074274 72.33333333333331 72.33333333333331 
499 127 41 [ 6.975714285714286 ] [ 1053.3151428571427 ] 1053 1276 1069.0 1069.0 60.349389770722134 61.148148148148145 61.148148148148145
499 148 36 [ 6.978571428571429 ] [ 735.4557142857143 ] 735 760 750.0 750.0 71.0110687830708 72.33333333333333 72.33333333333333 
499 158 37 [ 6.980857142857142 ] [ 843.4245714285714 ] 843 1061 857.0 857.0 66.43262433862168 67.44444444444443 67.44444444444443 
499 149 38 [ 6.968285714285714 ] [ 733.65 ] 733 733 750.0 750.0 80.91369312169677 82.55555555555554 82.55555555555554 
499 76 30 [ 7.96 ] [ 732.2868571428571 ] 732 737 750.0 750.0 82.8842962962952 84.66666666666666 84.66666666666666 
499 75 29 [ 6.982857142857143 ] [ 735.5245714285714 ] 735 739 750.0 750.0 71.33688888888636 72.66666666666666 72.66666666666666 
499 73 29 [ 8.928571428571429 ] [ 735.7611428571429 ] 735 779 750.0 750.0 72.01470899471109 73.33333333333333 73.33333333333333 
499 131 30 [ 6.978 ] [ 736.1937142857142 ] 736 765 750.0 750.0 71.91000000000287 73.18518518518518 73.18518518518518 
499 75 29 [ 7.954571428571429 ] [ 733.368 ] 733 779 747.0 747.0 70.62980952380566 71.88888888888889 71.88888888888889 
