MutatePromotePipeline
499 70 26 [ 5.981428571428571 ] [ 733.9751428571428 ] 733 793 748.0 748.0 70.51849735450004 71.77777777777777 71.77777777777777 
499 79 28 [ 6.976571428571429 ] [ 734.4874285714286 ] 734 766 748.0 748.0 71.31947089947407 72.55555555555556 72.55555555555556 
499 100 39 [ 6.991714285714286 ] [ 965.3854285714285 ] 965 1236 979.0 982.0 81.89153439153104 82.96296296296296 82.96296296296296
499 75 29 [ 8.948285714285714 ] [ 733.748 ] 733 733 750.0 750.0 82.12158730158747 83.77777777777777 83.77777777777777 
499 76 29 [ 6.978285714285715 ] [ 735.4951428571428 ] 735 758 750.0 750.0 71.23098412698742 72.55555555555556 72.55555555555556 
499 89 27 [ 6.9794285714285715 ] [ 790.9368571428571 ] 790 941 804.0 804.0 68.82552028218838 69.85185185185183 69.85185185185183 
499 77 29 [ 6.985428571428572 ] [ 777.9394285714286 ] 777 1047 791.0 791.0 64.19268430335315 65.25925925925925 65.25925925925925 
499 78 28 [ 8.872285714285715 ] [ 728.8131428571429 ] 728 729 749.0 750.0 83.51646560846574 85.77777777777777 85.77777777777777 
499 79 30 [ 8.936857142857143 ] [ 729.8817142857143 ] 729 744 750.0 750.0 85.28602116401817 87.44444444444443 87.44444444444443 
499 77 28 [ 7.9717142857142855 ] [ 733.8991428571428 ] 733 732 749.0 749.0 72.0487407407379 73.44444444444444 73.44444444444444 
499 81 29 [ 8.944285714285714 ] [ 730.5014285714286 ] 730 733 749.0 749.0 85.5838624338661 87.55555555555554 87.55555555555554 
499 84 31 [ 6.974 ] [ 792.0822857142857 ] 792 900 809.0 809.0 71.4826208112845 72.74074074074073 72.74074074074073 
499 186 46 [ 6.986 ] [ 953.2908571428571 ] 953 1067 969.0 969.0 80.9574391534425 82.25925925925925 82.25925925925925 
499 75 30 [ 6.975428571428571 ] [ 735.9782857142857 ] 735 807 750.0 750.0 69.72648677248712 71.0 71.0 
499 129 28 [ 7.965142857142857 ] [ 732.0765714285715 ] 732 733 750.0 750.0 82.57744973544693 84.44444444444443 84.44444444444443 
499 76 28 [ 8.918571428571429 ] [ 730.0722857142857 ] 730 733 749.0 749.0 82.58147442680806 84.5185185185185 84.5185185185185 
499 73 30 [ 7.964 ] [ 731.804 ] 731 738 749.0 749.0 72.93666666667009 74.55555555555556 74.55555555555556 
499 72 26 [ 5.988571428571428 ] [ 736.2408571428572 ] 736 746 749.0 749.0 66.92217989418063 68.0 68.0 
499 80 31 [ 7.97 ] [ 735.192 ] 735 799 750.0 750.0 71.16511111111406 72.55555555555554 72.55555555555554 