MutateAllNodesPipeline
499 73 28 [ 6.967142857142857 ] [ 732.2774285714286 ] 732 774 748.0 748.0 71.7297777777805 73.18518518518518 73.18518518518518 
499 74 29 [ 6.973142857142857 ] [ 732.9131428571428 ] 732 793 748.0 748.0 71.24590476190232 72.66666666666666 72.66666666666666 
499 128 30 [ 8.919714285714285 ] [ 730.9091428571429 ] 730 742 750.0 750.0 82.79188359788353 84.77777777777777 84.77777777777777 
499 79 29 [ 6.976285714285714 ] [ 735.5574285714285 ] 735 774 750.0 750.0 71.1222645502617 72.44444444444444 72.44444444444444 
499 74 32 [ 6.964 ] [ 733.8871428571429 ] 733 807 750.0 750.0 68.67071957672239 70.1111111111111 70.1111111111111 
499 79 30 [ 6.965714285714285 ] [ 737.5468571428571 ] 737 870 753.0 753.0 68.43005996472368 69.81481481481481 69.81481481481481 
499 117 38 [ 6.978 ] [ 938.9357142857143 ] 938 1150 949.0 955.0 66.18743562610074 67.14814814814815 67.14814814814815 
499 136 31 [ 7.967428571428571 ] [ 730.1945714285714 ] 730 730 750.0 750.0 82.82010229276426 84.88888888888889 84.88888888888889 
499 131 29 [ 7.974 ] [ 732.5991428571429 ] 732 738 750.0 750.0 84.07788359787872 85.88888888888889 85.88888888888889 
499 85 32 [ 6.973142857142857 ] [ 819.2651428571429 ] 819 954 834.0 834.0 56.510906525573176 57.518518518518505 57.518518518518505 