MutateOneNodePipeline
499 189 42 [ 6.984 ] [ 1018.7537142857143 ] 1018 1311 1033.0 1036.0 75.01450793650301 75.96296296296296 75.96296296296296 
499 77 28 [ 8.938 ] [ 733.048 ] 733 733 750.0 747.0 83.39397883598355 85.11111111111111 85.11111111111111 
499 73 30 [ 6.974571428571428 ] [ 735.7517142857142 ] 735 810 749.0 749.0 68.15435273368796 69.33333333333331 69.33333333333331 
499 71 26 [ 5.9797142857142855 ] [ 733.7097142857143 ] 733 827 748.0 748.0 69.51643386243619 70.77777777777777 70.77777777777777 
499 129 31 [ 6.965714285714285 ] [ 737.0691428571429 ] 737 735 749.0 749.0 70.71535449735714 71.77777777777777 71.77777777777777 
499 129 30 [ 5.982571428571428 ] [ 735.0845714285714 ] 735 738 748.0 748.0 70.62419047619325 71.77777777777777 71.77777777777777
499 101 38 [ 6.990285714285714 ] [ 978.7031428571429 ] 978 1146 992.0 992.0 86.9915555555543 88.14814814814812 88.14814814814812 
499 74 28 [ 8.913142857142857 ] [ 726.4985714285714 ] 726 743 748.0 748.0 84.54126631393257 86.77777777777777 86.77777777777777
499 75 28 [ 6.975142857142857 ] [ 736.7542857142857 ] 736 874 750.0 750.0 66.73695238094894 67.88888888888889 67.88888888888889 
499 88 29 [ 7.914857142857143 ] [ 732.2354285714285 ] 732 798 750.0 750.0 70.81543915343615 72.44444444444443 72.44444444444443 
499 84 28 [ 6.9791428571428575 ] [ 734.9957142857143 ] 734 804 748.0 748.0 70.60281481481708 71.77777777777777 71.77777777777777 
499 74 28 [ 6.983714285714286 ] [ 735.3191428571429 ] 735 773 748.0 748.0 70.84440211640182 72.0 72.0 
499 139 32 [ 6.966571428571428 ] [ 733.5802857142858 ] 733 754 750.0 750.0 69.93708289241313 71.44444444444443 71.44444444444443 
499 74 29 [ 6.973428571428571 ] [ 734.5337142857143 ] 734 769 750.0 750.0 68.3863174603196 69.77777777777777 69.77777777777777
499 84 27 [ 7.972 ] [ 732.824 ] 732 733 749.0 749.0 84.30362610229255 85.99999999999999 85.99999999999999 
499 82 29 [ 7.976285714285714 ] [ 734.7654285714285 ] 734 742 750.0 750.0 79.04936507936847 80.55555555555554 80.55555555555554 
499 73 31 [ 7.966571428571428 ] [ 732.9582857142857 ] 732 729 750.0 750.0 81.02326278659648 82.77777777777777 82.77777777777777 
499 83 31 [ 6.981714285714285 ] [ 828.1734285714285 ] 828 928 842.0 842.0 75.23861375661522 76.40740740740739 76.40740740740739 
499 135 30 [ 8.944285714285714 ] [ 733.7205714285715 ] 733 735 750.0 750.0 86.4989700176376 88.22222222222221 88.22222222222221