NOADF0
0 61 4 [ 3.7041015625 ] [ 11.328125 ] 11 11 38.0 38.0 0.0070230506860557195 0.007633587786259542 0.007633587786259542 
1 22 3 [ 5.80078125 ] [ 27.5576171875 ] 27 19 70.0 70.0 0.007222095109941347 0.007936507936507936 0.007936507936507936 
2 14 9 [ 7.5380859375 ] [ 45.716796875 ] 45 28 137.0 137.0 0.00748060460423237 0.008771929824561403 0.008771929824561403 
3 10 2 [ 9.4140625 ] [ 65.94921875 ] 65 37 149.0 149.0 0.0077844055666124335 0.009523809523809525 0.009523809523809525 
4 11 2 [ 11.662109375 ] [ 95.7470703125 ] 95 49 200.0 200.0 0.008225587784895369 0.010752688172043012 0.010752688172043012 
5 12 3 [ 13.6025390625 ] [ 130.48828125 ] 130 62 241.0 241.0 0.008815370136190307 0.012048192771084338 0.012048192771084338 
6 15 3 [ 14.4365234375 ] [ 167.1845703125 ] 167 77 282.0 282.0 0.009528173360414284 0.0125 0.0125 
7 29 5 [ 15.2509765625 ] [ 207.6826171875 ] 207 93 293.0 293.0 0.010409960028900243 0.014492753623188406 0.014492753623188406 
8 17 4 [ 16.1923828125 ] [ 249.0654296875 ] 249 111 407.0 407.0 0.011484224883342435 0.017857142857142856 0.017857142857142856 
9 17 5 [ 16.3759765625 ] [ 281.7900390625 ] 281 128 411.0 407.0 0.012417649723088547 0.017241379310344827 0.017857142857142856 
10 29 7 [ 16.5361328125 ] [ 316.08984375 ] 316 145 449.0 449.0 0.0134606107729211 0.021739130434782608 0.021739130434782608 
11 23 6 [ 16.6201171875 ] [ 349.458984375 ] 349 162 466.0 466.0 0.014630909051695786 0.022222222222222223 0.022222222222222223 
12 16 6 [ 16.66796875 ] [ 387.19140625 ] 387 179 470.0 466.0 0.01605039824652784 0.022222222222222223 0.022222222222222223 
13 20 7 [ 16.6513671875 ] [ 418.947265625 ] 418 196 505.0 505.0 0.017324994318071486 0.024390243902439025 0.024390243902439025 
14 45 11 [ 16.64453125 ] [ 455.181640625 ] 455 213 618.0 618.0 0.01869920967437601 0.027777777777777776 0.027777777777777776 
15 22 7 [ 16.76171875 ] [ 492.892578125 ] 492 231 680.0 680.0 0.02038118860226145 0.03125 0.03125 
16 20 8 [ 16.7958984375 ] [ 525.2021484375 ] 525 248 595.0 595.0 0.021994940640783632 0.03571428571428571 0.03571428571428571 
17 239 13 [ 16.919921875 ] [ 568.5 ] 568 266 692.0 692.0 0.023977781628131866 0.038461538461538464 0.038461538461538464 
18 28 9 [ 16.9599609375 ] [ 614.287109375 ] 614 284 688.0 688.0 0.026391925638809967 0.047619047619047616 0.047619047619047616 
19 24 10 [ 16.9580078125 ] [ 649.349609375 ] 649 302 816.0 816.0 0.029457720318101167 0.05 0.05 
20 25 10 [ 16.9560546875 ] [ 677.193359375 ] 677 320 866.0 866.0 0.032821108550955456 0.05555555555555555 0.05555555555555555 
21 33 10 [ 16.9892578125 ] [ 704.974609375 ] 704 338 871.0 871.0 0.03627125452287683 0.07142857142857142 0.07142857142857142 
22 262 16 [ 16.9853515625 ] [ 741.046875 ] 741 355 894.0 871.0 0.03917525349697313 0.07142857142857142 0.07142857142857142 
23 35 11 [ 16.986328125 ] [ 786.490234375 ] 786 373 849.0 849.0 0.04318325259508349 0.08333333333333333 0.08333333333333333 
24 29 12 [ 16.994140625 ] [ 821.8994140625 ] 821 391 914.0 914.0 0.047320901756964864 0.09090909090909091 0.09090909090909091 
25 29 13 [ 16.98828125 ] [ 841.8212890625 ] 841 408 1003.0 1003.0 0.051119100600824904 0.1111111111111111 0.1111111111111111 
26 68 18 [ 16.927734375 ] [ 854.4013671875 ] 854 425 920.0 1003.0 0.05512011197053559 0.1111111111111111 0.1111111111111111 
27 38 12 [ 17.0 ] [ 874.5712890625 ] 874 441 1003.0 1003.0 0.06004619651152326 0.1111111111111111 0.1111111111111111 
28 31 13 [ 16.9853515625 ] [ 896.87109375 ] 896 457 922.0 922.0 0.0661166469803431 0.14285714285714285 0.14285714285714285 
29 33 13 [ 16.9814453125 ] [ 916.1357421875 ] 916 472 992.0 922.0 0.07076789650486914 0.14285714285714285 0.14285714285714285 
30 37 13 [ 17.0 ] [ 939.7060546875 ] 939 487 970.0 970.0 0.07506011113671622 0.16666666666666666 0.16666666666666666 
31 75 16 [ 17.0 ] [ 954.4326171875 ] 954 502 1067.0 1067.0 0.07990210718489765 0.2 0.2 
32 37 13 [ 16.9775390625 ] [ 956.640625 ] 956 515 1067.0 1067.0 0.08350883242160068 0.2 0.2 
33 34 13 [ 16.9580078125 ] [ 953.4658203125 ] 953 528 1067.0 1067.0 0.08542837982630812 0.2 0.2 
34 34 14 [ 16.9755859375 ] [ 955.623046875 ] 955 540 981.0 981.0 0.09236646283143622 0.25 0.25 
35 72 18 [ 16.970703125 ] [ 966.5595703125 ] 966 552 1060.0 1060.0 0.09854629840395068 0.3333333333333333 0.3333333333333333 
36 40 13 [ 16.962890625 ] [ 984.3369140625 ] 984 564 1075.0 1060.0 0.10968242921145005 0.3333333333333333 0.3333333333333333 
37 36 14 [ 17.0 ] [ 1015.9150390625 ] 1015 576 1023.0 1023.0 0.12542861994132523 0.5 0.5 
38 37 14 [ 16.9541015625 ] [ 1038.4189453125 ] 1038 588 1023.0 1023.0 0.13528577585408189 0.5 0.5 
39 37 15 [ 17.0 ] [ 1051.0517578125 ] 1051 599 1023.0 1023.0 0.14756126917235615 0.5 0.5 
40 80 19 [ 16.97265625 ] [ 1048.5341796875 ] 1048 610 1200.0 1200.0 0.15109450397125104 1.0 1.0 

NOADF1
0 65 5 [ 3.8642578125 ] [ 12.0634765625 ] 12 12 54.0 54.0 0.007031847652711759 0.007633587786259542 0.007633587786259542 
1 22 4 [ 6.01953125 ] [ 28.8720703125 ] 28 20 55.0 55.0 0.007254364893673232 0.008064516129032258 0.008064516129032258 
2 11 6 [ 7.4716796875 ] [ 44.1650390625 ] 44 28 109.0 109.0 0.007514930903395144 0.008928571428571428 0.008928571428571428 
3 9 2 [ 9.6357421875 ] [ 64.5458984375 ] 64 37 141.0 141.0 0.007872355681612942 0.009615384615384616 0.009615384615384616 
4 12 2 [ 12.099609375 ] [ 93.2890625 ] 93 48 265.0 265.0 0.008358717039571402 0.010869565217391304 0.010869565217391304 
5 13 3 [ 14.4599609375 ] [ 124.40234375 ] 124 61 244.0 244.0 0.009001108652012365 0.011627906976744186 0.011627906976744186 
6 16 3 [ 15.6162109375 ] [ 163.2626953125 ] 163 75 284.0 284.0 0.009788653655912331 0.013513513513513514 0.013513513513513514 
7 30 5 [ 16.1298828125 ] [ 212.0390625 ] 212 92 364.0 364.0 0.010682300885063925 0.014925373134328358 0.014925373134328358 
8 17 4 [ 16.20703125 ] [ 246.9140625 ] 246 109 481.0 481.0 0.011571117435239617 0.021739130434782608 0.021739130434782608 
9 13 4 [ 16.3154296875 ] [ 285.4638671875 ] 285 127 507.0 507.0 0.01279662326359539 0.023809523809523808 0.023809523809523808 
10 34 7 [ 16.453125 ] [ 332.513671875 ] 332 146 555.0 555.0 0.014256894733230368 0.02564102564102564 0.02564102564102564 
11 19 7 [ 16.7470703125 ] [ 404.798828125 ] 404 167 552.0 552.0 0.016879314741891676 0.027777777777777776 0.027777777777777776 
12 24 7 [ 16.919921875 ] [ 473.06640625 ] 473 191 565.0 565.0 0.020560790274228916 0.03125 0.03125 
13 35 7 [ 17.0 ] [ 495.685546875 ] 495 212 574.0 574.0 0.022544372372494004 0.034482758620689655 0.034482758620689655 
14 53 9 [ 16.986328125 ] [ 515.07421875 ] 515 233 829.0 829.0 0.024389018805398607 0.05 0.05 
15 20 8 [ 16.9990234375 ] [ 539.9638671875 ] 539 252 819.0 819.0 0.026466070796947027 0.058823529411764705 0.058823529411764705 
16 20 8 [ 16.9921875 ] [ 568.3056640625 ] 568 270 849.0 849.0 0.029646664695212405 0.08333333333333333 0.08333333333333333 
17 180 11 [ 16.9580078125 ] [ 641.2109375 ] 641 291 849.0 849.0 0.03620119172502545 0.08333333333333333 0.08333333333333333 
18 29 12 [ 17.0 ] [ 793.439453125 ] 793 317 851.0 851.0 0.049036132824449914 0.1111111111111111 0.1111111111111111 
19 34 12 [ 16.9775390625 ] [ 818.556640625 ] 818 342 851.0 851.0 0.0546587071477538 0.1111111111111111 0.1111111111111111 
20 47 12 [ 16.9853515625 ] [ 821.4990234375 ] 821 365 881.0 881.0 0.05841344389829748 0.125 0.125 
21 246 15 [ 16.9775390625 ] [ 821.990234375 ] 821 386 826.0 826.0 0.06234222406271915 0.14285714285714285 0.14285714285714285 
22 31 12 [ 16.955078125 ] [ 826.7255859375 ] 826 405 826.0 826.0 0.06653131973935197 0.14285714285714285 0.14285714285714285 
23 28 12 [ 17.0 ] [ 830.04296875 ] 830 423 871.0 871.0 0.06943151203656156 0.2 0.2 
24 28 13 [ 16.9912109375 ] [ 836.474609375 ] 836 439 871.0 871.0 0.07368597845510445 0.2 0.2 
25 72 15 [ 16.986328125 ] [ 845.26953125 ] 845 455 871.0 871.0 0.07858036774399357 0.2 0.2 
26 32 13 [ 16.9716796875 ] [ 850.9267578125 ] 850 470 843.0 843.0 0.0813637672195374 0.25 0.25 
27 29 12 [ 16.98828125 ] [ 857.0224609375 ] 857 483 843.0 843.0 0.08878896365056212 0.25 0.25 
28 30 13 [ 16.9716796875 ] [ 863.4931640625 ] 863 496 863.0 843.0 0.09219299520920589 0.25 0.25 
29 36 13 [ 17.0 ] [ 865.591796875 ] 865 509 891.0 891.0 0.0975349568031053 0.3333333333333333 0.3333333333333333 
30 75 15 [ 16.9599609375 ] [ 860.1884765625 ] 860 520 853.0 891.0 0.10530655653952863 0.3333333333333333 0.3333333333333333 
31 33 13 [ 16.9853515625 ] [ 856.4755859375 ] 856 531 852.0 891.0 0.10894906051620812 0.3333333333333333 0.3333333333333333 
32 29 12 [ 16.9658203125 ] [ 854.150390625 ] 854 540 853.0 891.0 0.11325880715369963 0.3333333333333333 0.3333333333333333 
33 29 12 [ 17.0 ] [ 853.74609375 ] 853 550 856.0 891.0 0.11903387756314893 0.3333333333333333 0.3333333333333333 
34 30 13 [ 17.0 ] [ 856.5517578125 ] 856 558 854.0 891.0 0.12659155153459353 0.3333333333333333 0.3333333333333333 
35 70 17 [ 16.9560546875 ] [ 854.783203125 ] 854 567 900.0 891.0 0.12944100851127702 0.3333333333333333 0.3333333333333333 
36 37 12 [ 17.0 ] [ 858.33984375 ] 858 574 937.0 937.0 0.13509332278712968 0.5 0.5 
37 30 12 [ 16.984375 ] [ 856.7451171875 ] 856 582 937.0 937.0 0.1407959034479969 0.5 0.5 
38 30 12 [ 16.9716796875 ] [ 856.458984375 ] 856 589 921.0 921.0 0.14381347166991518 1.0 1.0 

NOADF2
0 62 4 [ 3.72265625 ] [ 11.0517578125 ] 11 11 41.0 41.0 0.0070195427822850555 0.007692307692307693 0.007692307692307693 
1 21 4 [ 5.779296875 ] [ 25.8427734375 ] 25 18 76.0 76.0 0.007208853951521028 0.008 0.008 
2 10 5 [ 7.3818359375 ] [ 42.5390625 ] 42 26 109.0 109.0 0.007450373645294323 0.008620689655172414 0.008620689655172414 
3 10 2 [ 9.4892578125 ] [ 62.537109375 ] 62 35 174.0 174.0 0.007783000392862749 0.009523809523809525 0.009523809523809525 
4 11 2 [ 11.77734375 ] [ 89.2890625 ] 89 46 209.0 209.0 0.008235964738585469 0.010309278350515464 0.010309278350515464 
5 11 3 [ 13.697265625 ] [ 123.208984375 ] 123 59 266.0 266.0 0.008855030799425814 0.011494252873563218 0.011494252873563218 
6 14 3 [ 15.015625 ] [ 163.7939453125 ] 163 74 268.0 268.0 0.009630205415138926 0.012345679012345678 0.012345679012345678 
7 27 5 [ 15.8046875 ] [ 202.93359375 ] 202 90 305.0 305.0 0.010425157783809138 0.012987012987012988 0.012987012987012988 
8 16 4 [ 16.2001953125 ] [ 240.953125 ] 240 106 422.0 422.0 0.011235536239700656 0.015625 0.015625 
9 13 4 [ 16.412109375 ] [ 273.4091796875 ] 273 123 418.0 418.0 0.012073901615451254 0.01694915254237288 0.01694915254237288 
10 28 7 [ 16.599609375 ] [ 309.36328125 ] 309 140 435.0 435.0 0.013053384757313696 0.022222222222222223 0.022222222222222223 
11 17 5 [ 16.64453125 ] [ 353.41796875 ] 353 158 435.0 435.0 0.014367539850300842 0.022222222222222223 0.022222222222222223 
12 15 6 [ 16.8388671875 ] [ 401.61328125 ] 401 176 587.0 587.0 0.01592305839852397 0.02702702702702703 0.02702702702702703 
13 20 6 [ 16.931640625 ] [ 428.3447265625 ] 428 194 587.0 587.0 0.017326039476201583 0.02702702702702703 0.02702702702702703 
14 184 9 [ 16.853515625 ] [ 463.25390625 ] 463 212 561.0 561.0 0.019096778823818272 0.030303030303030304 0.030303030303030304 
15 22 8 [ 17.0 ] [ 532.140625 ] 532 232 694.0 694.0 0.021900637148202347 0.038461538461538464 0.038461538461538464 
16 21 8 [ 16.9609375 ] [ 569.0693359375 ] 569 252 694.0 694.0 0.02409967722438696 0.038461538461538464 0.038461538461538464 
17 47 12 [ 16.95703125 ] [ 590.400390625 ] 590 271 622.0 622.0 0.026207039496370585 0.043478260869565216 0.043478260869565216 
18 26 8 [ 16.9453125 ] [ 613.4638671875 ] 613 289 694.0 694.0 0.028315520520706492 0.05263157894736842 0.05263157894736842 
19 24 9 [ 16.9599609375 ] [ 653.5634765625 ] 653 307 731.0 731.0 0.031506625556746555 0.0625 0.0625 
20 27 9 [ 16.97265625 ] [ 687.953125 ] 687 325 715.0 731.0 0.0352729672649392 0.0625 0.0625 
21 193 11 [ 16.98828125 ] [ 703.2353515625 ] 703 342 871.0 871.0 0.039175733577150824 0.09090909090909091 0.09090909090909091 
22 26 10 [ 16.9775390625 ] [ 716.830078125 ] 716 359 871.0 871.0 0.04393427925528257 0.09090909090909091 0.09090909090909091 
23 26 10 [ 16.9677734375 ] [ 741.8671875 ] 741 375 871.0 871.0 0.048686692447328615 0.09090909090909091 0.09090909090909091 
24 33 11 [ 16.9853515625 ] [ 794.6396484375 ] 794 391 950.0 950.0 0.054938672741823846 0.14285714285714285 0.14285714285714285 
25 71 14 [ 16.9853515625 ] [ 847.2861328125 ] 847 409 945.0 950.0 0.06141488481716131 0.14285714285714285 0.14285714285714285 
26 33 12 [ 17.0 ] [ 875.138671875 ] 875 426 945.0 950.0 0.06746318596913481 0.14285714285714285 0.14285714285714285 
27 31 12 [ 16.9873046875 ] [ 888.9482421875 ] 888 443 1026.0 950.0 0.07253196696375597 0.14285714285714285 0.14285714285714285 
28 68 14 [ 16.9716796875 ] [ 903.4111328125 ] 903 458 1024.0 950.0 0.07820735471671209 0.14285714285714285 0.14285714285714285 
29 36 12 [ 16.9716796875 ] [ 905.11328125 ] 905 473 1046.0 950.0 0.08305903014466566 0.14285714285714285 0.14285714285714285 
30 32 12 [ 16.9873046875 ] [ 911.6611328125 ] 911 487 959.0 959.0 0.0878411280310856 0.2 0.2 
31 69 15 [ 16.9638671875 ] [ 924.3466796875 ] 924 501 1067.0 1067.0 0.09292235300390492 0.25 0.25 
32 36 13 [ 17.0 ] [ 938.1591796875 ] 938 514 1067.0 1067.0 0.09957733403531338 0.25 0.25 
33 34 12 [ 16.9677734375 ] [ 937.0390625 ] 937 527 1018.0 1018.0 0.10724633086088425 0.3333333333333333 0.3333333333333333 
34 34 13 [ 16.98828125 ] [ 949.654296875 ] 949 539 1018.0 1018.0 0.11371510328952515 0.3333333333333333 0.3333333333333333 
35 65 13 [ 17.0 ] [ 965.220703125 ] 965 551 1099.0 1018.0 0.12340520037643772 0.3333333333333333 0.3333333333333333 
36 35 13 [ 16.966796875 ] [ 979.814453125 ] 979 562 970.0 1018.0 0.13173646997448643 0.3333333333333333 0.3333333333333333 
37 35 14 [ 16.986328125 ] [ 995.2900390625 ] 995 574 1070.0 1070.0 0.13919349252027913 0.5 0.5 
38 75 16 [ 16.9736328125 ] [ 999.908203125 ] 999 585 927.0 1070.0 0.1493727968252471 0.5 0.5 
39 40 13 [ 16.9873046875 ] [ 1003.4423828125 ] 1003 595 1055.0 1070.0 0.1556433471965191 0.5 0.5 
40 36 13 [ 16.9580078125 ] [ 1003.134765625 ] 1003 605 1086.0 1070.0 0.1728089944584054 0.5 0.5 
41 37 13 [ 16.9736328125 ] [ 1004.119140625 ] 1004 614 1073.0 1070.0 0.17992254224354154 0.5 0.5 
42 72 16 [ 17.0 ] [ 1003.47265625 ] 1003 623 973.0 973.0 0.18453728032196723 1.0 1.0 

NOADF3
0 61 5 [ 3.78125 ] [ 11.52734375 ] 11 11 47.0 47.0 0.007021007390746945 0.007633587786259542 0.007633587786259542 
1 22 4 [ 5.80859375 ] [ 26.3671875 ] 26 18 74.0 74.0 0.007212044935814142 0.0078125 0.0078125 
2 13 5 [ 7.40625 ] [ 43.6181640625 ] 43 27 128.0 128.0 0.0074443836589805305 0.008547008547008548 0.008547008547008548 
3 10 2 [ 9.5615234375 ] [ 63.9755859375 ] 63 36 162.0 162.0 0.007755033444876521 0.00909090909090909 0.00909090909090909 
4 11 2 [ 11.818359375 ] [ 93.0595703125 ] 93 47 203.0 203.0 0.008184553010857364 0.010526315789473684 0.010526315789473684 
5 11 3 [ 13.8564453125 ] [ 125.4658203125 ] 125 60 251.0 251.0 0.008704458031894728 0.011904761904761904 0.011904761904761904 
6 14 3 [ 15.1416015625 ] [ 162.9951171875 ] 162 75 254.0 254.0 0.009409173420447687 0.012345679012345678 0.012345679012345678 
7 26 5 [ 15.9052734375 ] [ 203.5908203125 ] 203 91 326.0 326.0 0.010232937340994694 0.013513513513513514 0.013513513513513514 
8 20 4 [ 16.3486328125 ] [ 243.8603515625 ] 243 108 392.0 392.0 0.011118570416322809 0.016129032258064516 0.016129032258064516 
9 13 5 [ 16.431640625 ] [ 273.0830078125 ] 273 124 376.0 392.0 0.011819107422524242 0.015625 0.016129032258064516 
10 29 7 [ 16.40234375 ] [ 305.5986328125 ] 305 141 395.0 395.0 0.012614623150759592 0.017543859649122806 0.017543859649122806 
11 17 6 [ 16.505859375 ] [ 347.634765625 ] 347 158 397.0 395.0 0.013677419259300822 0.017543859649122806 0.017543859649122806 
12 15 6 [ 16.4345703125 ] [ 386.8759765625 ] 386 175 455.0 455.0 0.014759469156337794 0.018867924528301886 0.018867924528301886 
13 20 6 [ 16.5234375 ] [ 411.1572265625 ] 411 192 440.0 440.0 0.015611427816723873 0.0196078431372549 0.0196078431372549 
14 22 6 [ 16.6279296875 ] [ 431.37109375 ] 431 208 561.0 561.0 0.01635465987841946 0.02127659574468085 0.02127659574468085 
15 34 7 [ 16.7041015625 ] [ 452.8564453125 ] 452 223 595.0 595.0 0.017266491549809394 0.02564102564102564 0.02564102564102564 
16 19 7 [ 16.7900390625 ] [ 468.73828125 ] 468 238 597.0 597.0 0.018106028218740747 0.02631578947368421 0.02631578947368421 
17 19 7 [ 16.828125 ] [ 500.1630859375 ] 500 252 641.0 641.0 0.019214798780826648 0.02702702702702703 0.02702702702702703 
18 169 10 [ 16.80859375 ] [ 543.6572265625 ] 543 268 596.0 596.0 0.020852202814065048 0.029411764705882353 0.029411764705882353 
19 24 9 [ 16.8984375 ] [ 584.404296875 ] 584 284 791.0 791.0 0.022570714026073534 0.03125 0.03125 
20 23 9 [ 16.9833984375 ] [ 611.5498046875 ] 611 299 791.0 791.0 0.023744637491015613 0.034482758620689655 0.034482758620689655 
21 27 9 [ 16.939453125 ] [ 636.517578125 ] 636 314 811.0 811.0 0.02514660852425985 0.045454545454545456 0.045454545454545456 
22 35 10 [ 16.9716796875 ] [ 676.65234375 ] 676 330 810.0 810.0 0.027449023437065196 0.05 0.05 
23 232 14 [ 16.9072265625 ] [ 714.3291015625 ] 714 346 821.0 810.0 0.030123268255938623 0.05 0.05 
24 32 11 [ 16.9716796875 ] [ 746.7177734375 ] 746 362 810.0 810.0 0.03286938951492949 0.05 0.05 
25 28 11 [ 16.9736328125 ] [ 765.6201171875 ] 765 378 883.0 883.0 0.034859329092514664 0.05555555555555555 0.05555555555555555 
26 30 11 [ 16.9658203125 ] [ 787.46484375 ] 787 393 809.0 809.0 0.03674348449829232 0.06666666666666667 0.06666666666666667 
27 30 13 [ 16.9609375 ] [ 807.0869140625 ] 807 408 808.0 808.0 0.03884620337425054 0.07142857142857142 0.07142857142857142 
28 58 12 [ 17.0 ] [ 826.9072265625 ] 826 422 810.0 808.0 0.04022139628510834 0.07142857142857142 0.07142857142857142 
29 31 12 [ 16.9853515625 ] [ 831.2763671875 ] 831 436 810.0 808.0 0.04240237143081636 0.07142857142857142 0.07142857142857142 
30 31 13 [ 16.9912109375 ] [ 844.81640625 ] 844 449 886.0 886.0 0.044090618397689796 0.07692307692307693 0.07692307692307693 
31 31 13 [ 16.9853515625 ] [ 847.8544921875 ] 847 461 886.0 886.0 0.04562081307646608 0.07692307692307693 0.07692307692307693 
32 80 19 [ 16.9609375 ] [ 858.9765625 ] 858 473 831.0 831.0 0.04711235332836386 0.08333333333333333 0.08333333333333333 
33 40 14 [ 17.0 ] [ 878.3828125 ] 878 485 1000.0 1000.0 0.049734177775596855 0.09090909090909091 0.09090909090909091 
34 34 14 [ 17.0 ] [ 894.646484375 ] 894 497 980.0 980.0 0.05119097282255603 0.1111111111111111 0.1111111111111111 
35 34 14 [ 16.9677734375 ] [ 901.908203125 ] 901 508 971.0 971.0 0.05305620955624466 0.14285714285714285 0.14285714285714285 
36 35 14 [ 16.9873046875 ] [ 920.9052734375 ] 920 519 971.0 971.0 0.05679282713669999 0.14285714285714285 0.14285714285714285 
37 75 18 [ 16.986328125 ] [ 935.5380859375 ] 935 530 971.0 971.0 0.060268112345478436 0.14285714285714285 0.14285714285714285 
38 40 14 [ 17.0 ] [ 954.318359375 ] 954 541 984.0 984.0 0.06551806244614106 0.2 0.2 
39 35 14 [ 16.9951171875 ] [ 968.1220703125 ] 968 552 984.0 984.0 0.06955645471889968 0.2 0.2 
40 35 14 [ 16.9853515625 ] [ 990.994140625 ] 990 562 984.0 984.0 0.07496157887921737 0.2 0.2 
41 37 15 [ 16.9443359375 ] [ 1032.8076171875 ] 1032 574 1284.0 1284.0 0.08411156078679216 0.25 0.25 
42 87 23 [ 17.0 ] [ 1101.1083984375 ] 1101 586 1341.0 1284.0 0.09425724503755442 0.25 0.25 
43 51 17 [ 16.9873046875 ] [ 1185.2568359375 ] 1185 599 1310.0 1310.0 0.10972133032006497 0.5 0.5 
44 47 19 [ 16.986328125 ] [ 1215.6845703125 ] 1215 613 1310.0 1310.0 0.12183391596781966 0.5 0.5 
45 44 17 [ 17.0 ] [ 1226.478515625 ] 1226 626 1310.0 1310.0 0.13313488482599561 0.5 0.5 
46 98 27 [ 16.9765625 ] [ 1248.9052734375 ] 1248 640 1309.0 1309.0 0.14689184640364977 1.0 1.0 

NOADF4
0 61 4 [ 3.6884765625 ] [ 11.033203125 ] 11 11 45.0 45.0 0.007020801741125551 0.007575757575757576 0.007575757575757576 
1 21 4 [ 5.734375 ] [ 26.14453125 ] 26 18 76.0 76.0 0.007218688699567966 0.007936507936507936 0.007936507936507936 
2 9 7 [ 7.5478515625 ] [ 43.654296875 ] 43 26 109.0 109.0 0.00747376765973987 0.008264462809917356 0.008264462809917356 
3 12 2 [ 9.7548828125 ] [ 64.970703125 ] 64 36 148.0 148.0 0.007791840529615816 0.009615384615384616 0.009615384615384616 
4 13 2 [ 12.0478515625 ] [ 91.7255859375 ] 91 47 156.0 156.0 0.008216294823867926 0.01020408163265306 0.01020408163265306 
5 11 2 [ 13.744140625 ] [ 119.83203125 ] 119 59 265.0 265.0 0.008719837438077192 0.012987012987012988 0.012987012987012988 
6 14 3 [ 14.89453125 ] [ 157.9013671875 ] 157 73 309.0 265.0 0.009418985163142515 0.012987012987012988 0.012987012987012988 
7 26 5 [ 15.6796875 ] [ 204.82421875 ] 204 90 297.0 297.0 0.010391311992059614 0.0136986301369863 0.0136986301369863 
8 18 4 [ 16.1796875 ] [ 262.2958984375 ] 262 109 340.0 340.0 0.011688389159946268 0.015625 0.015625 
9 12 5 [ 16.53515625 ] [ 296.8310546875 ] 296 127 544.0 544.0 0.012800070371989724 0.02127659574468085 0.02127659574468085 
10 29 7 [ 16.70703125 ] [ 322.83203125 ] 322 145 539.0 539.0 0.013778363606845173 0.022727272727272728 0.022727272727272728 
11 17 6 [ 16.810546875 ] [ 366.2841796875 ] 366 164 563.0 563.0 0.015339315790998127 0.02702702702702703 0.02702702702702703 
12 17 6 [ 16.912109375 ] [ 444.138671875 ] 444 185 619.0 563.0 0.017841280514625465 0.02702702702702703 0.02702702702702703 
13 25 7 [ 16.908203125 ] [ 524.13671875 ] 524 209 619.0 619.0 0.020759013745112614 0.03125 0.03125 
14 44 10 [ 16.9658203125 ] [ 553.3798828125 ] 553 232 625.0 625.0 0.02260898973369952 0.03333333333333333 0.03333333333333333 
15 21 9 [ 16.92578125 ] [ 570.5517578125 ] 570 253 664.0 664.0 0.02424649206751519 0.038461538461538464 0.038461538461538464 
16 21 8 [ 16.9697265625 ] [ 594.5478515625 ] 594 273 708.0 708.0 0.026018299965324097 0.041666666666666664 0.041666666666666664 
17 172 10 [ 16.9150390625 ] [ 616.01171875 ] 616 292 730.0 730.0 0.02753999734890689 0.05 0.05 
18 24 9 [ 16.955078125 ] [ 639.2841796875 ] 639 311 741.0 730.0 0.029576657427937685 0.043478260869565216 0.05 
19 23 10 [ 16.9482421875 ] [ 657.091796875 ] 657 328 744.0 730.0 0.0312104006740297 0.045454545454545456 0.05 
20 29 10 [ 16.9560546875 ] [ 677.546875 ] 677 345 705.0 730.0 0.03322453530001219 0.05 0.05 
21 31 9 [ 16.900390625 ] [ 691.544921875 ] 691 360 737.0 737.0 0.035011794552649876 0.05263157894736842 0.05263157894736842 
22 190 12 [ 16.9560546875 ] [ 708.517578125 ] 708 375 736.0 736.0 0.037376017679348346 0.058823529411764705 0.058823529411764705 
23 26 10 [ 16.984375 ] [ 720.4951171875 ] 720 390 720.0 720.0 0.0396596995485846 0.06666666666666667 0.06666666666666667 
24 25 11 [ 16.9345703125 ] [ 728.2822265625 ] 728 403 718.0 720.0 0.04139579932196335 0.06666666666666667 0.06666666666666667 
25 26 10 [ 16.94140625 ] [ 738.3505859375 ] 738 416 811.0 811.0 0.04285721642716044 0.08333333333333333 0.08333333333333333 
26 66 16 [ 16.998046875 ] [ 758.798828125 ] 758 429 841.0 811.0 0.044944442997963824 0.08333333333333333 0.08333333333333333 
27 31 11 [ 16.8837890625 ] [ 778.0625 ] 778 441 943.0 943.0 0.04811805493317407 0.1111111111111111 0.1111111111111111 
28 28 12 [ 16.9833984375 ] [ 807.4208984375 ] 807 454 948.0 943.0 0.052200866295937315 0.1111111111111111 0.1111111111111111 
29 30 11 [ 16.9794921875 ] [ 836.6796875 ] 836 467 953.0 953.0 0.057285579350258846 0.125 0.125 
30 31 12 [ 16.984375 ] [ 869.59375 ] 869 480 927.0 927.0 0.062423671797476224 0.14285714285714285 0.14285714285714285 
31 76 18 [ 16.9736328125 ] [ 889.08984375 ] 889 492 934.0 927.0 0.06649931448554748 0.14285714285714285 0.14285714285714285 
32 39 12 [ 16.9462890625 ] [ 901.484375 ] 901 505 967.0 927.0 0.07229172322959936 0.14285714285714285 0.14285714285714285 
33 32 13 [ 16.9638671875 ] [ 918.6279296875 ] 918 517 969.0 969.0 0.07909636847943859 0.16666666666666666 0.16666666666666666 
34 32 13 [ 16.970703125 ] [ 930.9326171875 ] 930 529 933.0 969.0 0.08436346686928131 0.16666666666666666 0.16666666666666666 
35 33 12 [ 16.9892578125 ] [ 932.4697265625 ] 932 540 945.0 969.0 0.08654421700111484 0.16666666666666666 0.16666666666666666 
36 71 16 [ 16.931640625 ] [ 936.05859375 ] 936 551 928.0 928.0 0.09192582413441391 0.2 0.2 
37 39 13 [ 16.955078125 ] [ 940.294921875 ] 940 561 985.0 985.0 0.09786881907954317 0.25 0.25 
38 33 12 [ 16.9794921875 ] [ 939.654296875 ] 939 571 985.0 985.0 0.09938184684257766 0.25 0.25 
39 32 13 [ 16.978515625 ] [ 943.9189453125 ] 943 580 981.0 985.0 0.101336001400341 0.25 0.25 
40 33 13 [ 16.9853515625 ] [ 944.7080078125 ] 944 589 981.0 985.0 0.10421124036602346 0.25 0.25 
41 33 13 [ 16.966796875 ] [ 944.0009765625 ] 944 597 930.0 930.0 0.10838600284617414 0.3333333333333333 0.3333333333333333 
42 67 16 [ 16.9755859375 ] [ 951.6171875 ] 951 605 930.0 930.0 0.11096579191438695 0.3333333333333333 0.3333333333333333 
43 37 13 [ 16.9609375 ] [ 954.00390625 ] 954 613 930.0 930.0 0.11877885698761899 0.3333333333333333 0.3333333333333333 
44 33 12 [ 16.982421875 ] [ 956.025390625 ] 956 621 930.0 930.0 0.12523285083924185 0.3333333333333333 0.3333333333333333 
45 33 13 [ 16.98046875 ] [ 958.5732421875 ] 958 628 983.0 983.0 0.1352819216849267 0.5 0.5 
46 34 12 [ 16.9765625 ] [ 960.3251953125 ] 960 635 994.0 983.0 0.14402408563064323 0.5 0.5 
47 34 13 [ 16.9814453125 ] [ 962.0009765625 ] 962 642 983.0 983.0 0.14838276531872147 0.5 0.5 
48 67 14 [ 16.9609375 ] [ 964.2744140625 ] 964 649 993.0 983.0 0.15088517534921778 0.5 0.5 
49 38 13 [ 16.9892578125 ] [ 971.17578125 ] 971 655 994.0 983.0 0.1622134751655917 0.5 0.5 
50 34 12 [ 17.0 ] [ 968.7197265625 ] 968 661 993.0 983.0 0.16804829941273944 0.5 0.5 
