499 98 41 [ 11.885714285714286 ] [ 670.292 ] 670 947 725.0 747.0 36.00102686254383 45.1508916323731 45.86282578875171 
499 94 41 [ 10.940857142857142 ] [ 666.8928571428571 ] 666 892 743.0 749.0 35.52861030615683 43.43438500228623 43.626886145404654 
499 91 40 [ 10.935142857142857 ] [ 666.3731428571429 ] 666 1102 737.0 693.0 30.982403794319886 38.09510745313214 38.416095107453124 
499 88 40 [ 11.182571428571428 ] [ 668.0982857142857 ] 668 783 713.0 737.0 44.12905820912247 55.096021947873794 56.41426611796982 
499 151 43 [ 11.218571428571428 ] [ 670.2422857142857 ] 670 705 735.0 735.0 40.726474286936366 51.021947873799725 51.31824417009602
499 96 43 [ 10.094857142857142 ] [ 678.2971428571428 ] 678 1082 745.0 703.0 28.057170653446256 35.045267489711925 35.06035665294924 
499 90 40 [ 11.890857142857143 ] [ 664.712 ] 664 951 723.0 720.0 48.067375962443876 59.41563786008229 59.53497942386831 
499 172 42 [ 8.237428571428572 ] [ 725.198 ] 725 1448 743.0 744.0 22.511129686483105 27.810699588477362 27.855967078189295 
499 88 39 [ 10.830857142857143 ] [ 669.0937142857143 ] 669 702 737.0 733.0 39.24869630522089 47.97119341563785 48.652491998171 
499 152 46 [ 11.848571428571429 ] [ 662.4868571428572 ] 662 742 750.0 734.0 49.72930563236837 62.222222222222214 63.085048010973935

47.1010516689529 gen 475
43.244170096021946 gen 490
48.39368998628257 gen 445
56.25102880658435 gen 476
58.17283950617283 gen 488
25.486968449931407 gen 460
42.255144032921805 gen 495
61.60082304526748 gen 494
24.17969821673525 gen 497
42.37860082304526 gen 499