1.459960936 1.459960936 1.455078123 2.62207 2.62207 2.61719 0.142415 0.161133 0.0131836  1 0 0
1.757812498 1.572265623 1.572265623 3.19336 3.00781 3.00781 0.104818 0.0615234 -0.253906  1 0 0
1.660156248 1.660156248 1.660156248 2.62207 2.62207 2.62207 0.432617 0.317871 0.322754  1 0 0
1.777343748 1.777343748 1.777343748 2.42187 2.42187 2.11426 0.289062 0.137451 0.366211  1 0 0
1.821289061 0.644531248 0.644531248 3.03711 1.86035 1.86035 0.0061849 -0.290771 -0.182617  1 0 0
1.787109373 1.787109373 1.787109373 2.05566 2.04102 1.66016 0.784668 0.737305 1.1123  1 0 0
0.966796873 0.966796873 0.966796873 2.94434 2.94434 2.10937 -0.443359 -0.568359 0.0742187  1 0 0
1.186523435 1.186523435 1.186523435 2.80762 2.80762 2.29004 -0.580892 -0.835205 -0.33252  1 0 0
4.331054686 4.331054686 4.331054686 3.24219 3.21777 3.21777 2.57699 2.51855 3.26562  0 1 0
2.084960936 2.084960936 2.084960936 4.27246 4.27246 1.7627 0.0708008 0.0651855 1.25977  0 1 0
0.898437498 0.33691406 0.33691406 5.0293 4.46777 4.46777 -1.34684 -1.83911 -1.24414  0 1 0
4.018554686 2.211914061 2.211914061 5.22461 3.41797 3.41797 1.76172 1.11792 1.15918  0 1 0
0.327148435 -0.21972656 -0.21972656 3.71094 3.16406 2.33887 -1.48161 -1.98047 -1.05615  0 1 0
5.600585936 4.741210936 4.741210936 3.39844 2.53906 1.88965 3.99772 3.52905 4.0127  0 1 0
2.983398436 2.983398436 2.983398436 3.19336 3.19336 1.91895 1.40771 1.17676 2.05859  0 1 0
-3.305664061 -3.305664061 -3.305664061 3.81836 3.73535 3.62305 -6.29753 -5.91162 -4.82324  0 1 0
7.421874999 -7.431640624 -7.529296874 14.9854 0.131836 0.0341797 -5.60856 -7.51416 -7.54199  0 1 0
5.800781249 5.800781249 5.800781249 7.83203 7.83203 5.08301 1.71973 1.43628 3.14062  0 1 0
8.823242187 8.823242187 8.823242187 7.19238 6.4209 2.4707 4.87793 5.87744 8.02295  0 1 0
3.129882811 3.129882811 3.129882811 5.0293 4.74609 4.13574 -0.0421549 0.421143 1.25488  0 1 0
8.88671875 8.88671875 8.88671875 4.71191 4.71191 3.75 6.66927 6.48877 7.51025  0 1 0
1.562499998 1.562499998 1.562499998 5.7666 5.7666 4.5752 -1.71208 -1.83887 -0.594727  0 1 0
8.994140625 8.974609375 8.75 2.64648 2.62695 2.40234 7.91178 7.59204 7.11572  0 1 0
5.136718749 5.136718749 2.338867186 8.99902 7.32422 3.80859 0.222819 0.441406 -0.137695  0 1 0
8.642578125 8.481445312 -7.539062499 16.3086 16.1475 0.126953 1.50081 -2.03564 -7.62891  0 1 0
9.370117187 9.370117187 9.370117187 16.2549 15.9619 7.86621 0.93571 3.23779 5.67432  0 1 0
2.670898436 2.436523436 1.552734373 3.42773 3.19336 2.30957 1.09912 0.603027 0.0126953  0 1 0
6.918945312 6.918945312 5.605468749 2.91992 2.91992 1.30859 5.24219 5.00342 4.63086  0 1 0
3.344726561 3.344726561 0.703124998 3.37891 3.37891 0.737305 1.29525 1.1355 0.322754  0 1 0
-7.153320312 -7.255859374 -7.260742187 0.136719 0.0341797 0.0244141 -7.25765 -7.27344 -7.2749  0 1 0
3.076171873 3.076171873 3.076171873 5.99609 5.07812 4.61914 0.553711 0.855957 0.646973  0 1 0
9.057617187 9.052734375 8.935546875 3.38379 2.68555 2.56836 8.21012 8.3999 7.76904  0 1 0
-7.158203124 -7.158203124 -7.158203124 0.302734 0.253906 0.146484 -7.34912 -7.30103 -7.23437  0 1 0
1.743164061 1.743164061 -0.126953123 3.16895 3.16895 1.29883 0.161133 0.125488 -0.867676  0 1 0
6.147460937 6.147460937 4.609374999 2.64648 2.64648 1.1084 4.78141 4.66968 3.96973  0 1 0
3.593749999 3.593749999 1.972656248 3.33496 2.08008 0.458984 1.78678 2.2981 1.78613  0 1 0
1.181640623 -2.641601561 -7.275390624 8.53027 4.70703 0.0732422 -4.47656 -5.80273 -7.32764  0 1 0
1.874999998 1.874999998 1.108398435 3.81348 2.66602 1.89941 0.235189 0.556641 -0.0546875  0 1 0
8.852539062 8.793945312 8.706054687 0.351562 0.219727 0.131836 8.72526 8.70337 8.64893  0 0 1
6.220703124 2.553710936 2.553710936 10.918 4.77539 3.2959 0.126953 -0.148437 0.700684  0 0 1
-6.074218749 -6.074218749 -6.074218749 1.59668 1.52832 1.35254 -7.44727 -7.34546 -7.16699  0 0 1
8.862304687 8.618164062 8.22265625 16.7773 16.5332 16.1377 4.53239 2.41235 -3.59717  0 0 1
-0.732421873 -1.591796873 -1.831054686 3.1543 2.29492 2.05566 -2.48161 -2.58521 -3.05029  0 0 1
-1.05957031 -1.05957031 -1.05957031 6.05469 5.01465 1.3916 -4.22396 -2.94653 -1.36426  0 0 1
-7.705078124 -7.797851562 -7.866210937 0.180664 0.0878906 0.0195312 -7.82113 -7.85449 -7.87646  0 0 1
8.916015625 8.916015625 8.891601562 3.35449 0.0732422 0.0488281 8.19678 8.88647 8.86572  0 0 1
9.716796875 9.716796875 9.716796875 0.12207 0.0488281 0.0146484 9.6779 9.69922 9.71094  0 0 1
-7.900390625 -7.919921875 -7.919921875 0.0488281 0.0292969 0.0292969 -7.92871 -7.93457 -7.93311  0 0 1
8.745117187 2.260742186 -5.717773437 15.9961 9.51172 1.5332 -0.504232 -4.25415 -6.99854  0 0 1
9.677734375 9.677734375 9.672851562 0.0244141 0.0244141 0.0195312 9.67041 9.67139 9.66504  0 0 1
-6.215820312 -6.215820312 -6.215820312 2.0166 2.01172 1.71387 -7.80973 -7.60449 -6.99951  0 0 1
-7.055664062 -7.055664062 -7.055664062 0.180664 0.175781 0.0976562 -7.17432 -7.15015 -7.10059  0 0 1
9.47265625 9.448242187 9.321289062 1.0498 0.361328 0.234375 9.27555 9.30444 9.20801  0 0 1
-4.614257811 -6.694335937 -6.997070312 3.21777 1.1377 0.834961 -6.80485 -7.26733 -7.37451  0 0 1
4.116210936 4.116210936 4.116210936 11.1475 11.0547 10.9277 -5.59229 -4.89502 -2.90283  0 0 1
9.497070312 -6.582031249 -6.611328124 16.2549 0.175781 0.146484 -5.47917 -6.65674 -6.68652  0 0 1
1.171874998 1.171874998 1.171874998 9.22363 9.0918 4.375 -5.0446 -3.60229 -0.967285  0 0 1
9.604492187 9.604492187 9.604492187 5.74707 3.95508 0.0439453 7.88265 8.70093 9.58496  0 0 1
8.798828125 8.798828125 8.798828125 15.8789 15.8789 15.8789 -2.43913 -3.18042 0.671875  0 0 1
5.644531249 4.858398436 1.811523436 6.9043 6.11816 3.07129 2.6429 1.79248 0.84082  0 0 1
8.715820312 8.686523437 8.642578125 0.756836 0.727539 0.0537109 8.58854 8.53149 8.61719  0 0 1
0.478515623 0.478515623 0.478515623 3.35937 2.37793 2.02637 -1.31999 -0.817627 -0.28125  0 0 1
9.08203125 9.08203125 9.08203125 15.2979 6.34277 5.53223 2.91341 5.3501 7.00781  0 0 1
-7.749023437 -7.792968749 -7.792968749 0.078125 0.0341797 0.0244141 -7.80957 -7.81665 -7.80957  0 0 1
8.6328125 8.6328125 5.009765624 15.918 6.07422 2.37793 1.68245 5.22461 3.98389  0 0 1
9.228515625 9.228515625 8.447265625 4.98047 4.98047 4.19922 6.99935 7.2915 6.16016  0 0 1
-7.783203124 -7.783203124 -7.783203124 0.0683594 0.0683594 0.0439453 -7.83171 -7.82568 -7.80957  0 0 1
5.742187499 5.742187499 5.742187499 5.37598 3.72559 1.3623 2.91602 3.99512 5.13965  0 1 0
0.644531248 -0.27832031 -5.566406249 7.30957 6.38672 1.09863 -3.2627 -4.5647 -6.2959  0 1 0
-0.20019531 -0.20019531 -0.20019531 6.84082 5.62012 4.06738 -4.82585 -3.74341 -2.00195  0 1 0
3.916015624 3.916015624 1.933593748 7.00195 7.00195 5.01953 -0.119303 0.766113 -0.212891  0 1 0
9.038085937 9.038085937 8.520507812 2.99316 2.64648 2.12891 7.91423 8.09668 7.27002  0 1 0
7.050781249 7.050781249 7.050781249 14.6191 14.6191 14.6191 3.27507 2.89136 -0.209473  0 1 0
-7.675781249 -7.675781249 -7.675781249 0.126953 0.117188 0.0732422 -7.7627 -7.74658 -7.71631  0 1 0
9.125976562 9.125976562 9.125976562 16.2061 15.9717 14.082 -3.22819 -1.35303 1.30469  0 1 0
8.413085937 8.413085937 5.546874999 15.9717 7.62695 1.01074 1.36719 5.35229 5.21436  0 1 0
9.360351562 9.360351562 9.360351562 12.2754 0.0878906 0.0244141 7.66569 9.32812 9.3501  0 1 0
4.853515624 3.320312498 1.33300781 4.76563 3.23242 1.24512 2.33382 1.60791 0.633789  0 1 0
3.237304686 3.237304686 1.669921873 3.59863 3.59863 2.03125 0.957682 0.955566 0.304199  0 1 0
1.381835935 1.381835935 0.429687498 2.48047 2.48047 1.52832 -0.222331 -0.243896 -0.570801  0 1 0
2.734374998 2.734374998 1.245117185 3.31543 3.31543 1.82617 0.519368 0.643066 0.141113  0 1 0
3.374023436 3.374023436 1.699218748 3.93066 3.54492 1.87012 0.840495 1.08398 0.680176  0 1 0
2.377929686 2.377929686 1.582031248 2.47559 2.2998 1.50391 0.847493 0.994629 0.80957  0 1 0
4.438476561 4.438476561 3.422851561 4.50684 3.38867 2.37305 1.99382 2.49463 2.17773  0 1 0
4.584960936 4.584960936 4.545898436 3.70117 2.89551 2.85645 2.41309 2.91992 2.74268  0 1 0
6.816406249 5.073242186 4.428710936 6.51855 4.77539 4.13086 4.03532 3.31958 2.18359  0 1 0
9.213867187 9.1015625 9.057617187 1.5332 1.4209 1.37695 8.66471 8.65356 8.53711  0 1 0
4.233398436 4.233398436 4.233398436 3.55469 3.55469 3.55469 2.59147 2.5647 2.29199  0 1 0
6.210937499 5.126953124 5.126953124 3.82324 2.73926 2.73926 4.139 3.71948 3.68604  0 1 0
7.211914062 7.211914062 7.211914062 4.78027 4.16504 3.25684 4.4515 5.09424 5.59668  0 1 0
8.22265625 -7.695312499 -7.695312499 16.0059 0.0878906 0.0634766 -5.12402 -7.74707 -7.72461  0 1 0
5.644531249 5.644531249 5.644531249 3.43262 3.28613 2.63184 3.91243 3.91992 4.56689  0 1 0
-3.071289061 -3.740234374 -3.740234374 2.9248 2.25586 2.25586 -4.72135 -5.03662 -4.58008  0 1 0
9.526367187 9.526367187 9.526367187 0.302734 0.302734 0.302734 9.49105 9.5 9.49316  0 1 0
8.608398437 8.53515625 8.432617187 0.292969 0.219727 0.117188 8.47852 8.43286 8.37549  0 1 0
1.17675781 1.17675781 1.17675781 4.45801 4.45801 2.08984 -0.957357 -0.799072 0.352539  0 1 0
9.51171875 8.310546875 8.310546875 3.96484 2.76367 2.72461 7.41178 6.54443 6.86084  0 1 0
5.385742186 5.312499999 5.312499999 3.42773 3.35449 2.02148 3.875 3.48242 4.46582  0 1 0
-1.064453123 -1.064453123 -1.064453123 2.71484 2.71484 1.34277 -2.23242 -2.4751 -1.79639  0 1 0
-1.596679686 -1.596679686 -3.051757811 2.28027 2.28027 0.825195 -2.72982 -2.96216 -3.38916  0 1 0
4.731445311 4.731445311 4.311523436 4.13086 4.13086 1.83594 2.37679 2.59277 3.2666  0 1 0
0.86425781 -0.10253906 -0.62988281 2.98828 2.02148 1.27441 -0.940104 -1.43335 -1.31201  0 1 0
2.773437498 2.773437498 2.773437498 4.68262 4.68262 3.5791 0.304687 0.00854492 1.05615  0 1 0
2.299804686 1.904296873 0.888671873 3.25684 2.86133 1.31836 0.327148 0.20752 0.44873  1 0 0
1.337890623 1.069335935 0.927734373 1.77246 1.48437 0.419922 0.477051 0.423096 0.687988  1 0 0
1.718749998 1.718749998 1.328124998 2.10449 2.10449 1.4502 0.595215 0.607666 0.630859  1 0 0
